Object,Instance1,Attribute1_1,Attribute2_1,Attribute3_1,Probability_1,Instance2,Attribute1_2,Attribute2_2,Attribute3_2,Probability_2
Object1,Instance1,410,-8,190,0.36,Instance2,410,-12,190,0.64
Object2,Instance1,369,-12,200,0.87,Instance2,369,-30,200,0.13
Object3,Instance1,595,-8,10,0.39,Instance2,595,-17,10,0.61
Object4,Instance1,657,-5,190,0.32,Instance2,657,-20,190,0.68
Object5,Instance1,752,-40,150,0.75,Instance2,752,-34,150,0.25
Object6,Instance1,731,-15,160,0.52,Instance2,731,-14,160,0.48
Object7,Instance1,862,-21,100,0.56,Instance2,862,-40,100,0.44
Object8,Instance1,252,-23,60,0.2,Instance2,252,-22,60,0.8
Object9,Instance1,705,-12,90,0.12,Instance2,705,-8,90,0.88
Object10,Instance1,868,-9,90,0.65,Instance2,868,-9,90,0.35
Object11,Instance1,310,-2,100,0.9,Instance2,310,-46,100,0.1
Object12,Instance1,690,-47,140,0.88,Instance2,690,-4,140,0.12
Object13,Instance1,187,-1,10,0.14,Instance2,187,-48,10,0.86
Object14,Instance1,763,-30,200,0.99,Instance2,763,-19,200,0.01
Object15,Instance1,333,-35,160,0.45,Instance2,333,-11,160,0.55
Object16,Instance1,805,-40,70,0.97,Instance2,805,-32,70,0.03
Object17,Instance1,712,-44,30,0.96,Instance2,712,-14,30,0.04
Object18,Instance1,957,-2,50,0.02,Instance2,957,-16,50,0.98
Object19,Instance1,786,-3,180,0.91,Instance2,786,-9,180,0.09
Object20,Instance1,720,-18,200,0.0,Instance2,720,-41,200,1.0
Object21,Instance1,748,-34,100,0.87,Instance2,748,-43,100,0.13
Object22,Instance1,286,-48,50,0.55,Instance2,286,-45,50,0.45
Object23,Instance1,108,-50,160,0.11,Instance2,108,-32,160,0.89
Object24,Instance1,149,-21,110,0.01,Instance2,149,-50,110,0.99
Object25,Instance1,107,-46,130,0.63,Instance2,107,-33,130,0.37
Object26,Instance1,396,-8,180,0.76,Instance2,396,-12,180,0.24
Object27,Instance1,146,-19,160,0.34,Instance2,146,-41,160,0.66
Object28,Instance1,23,-5,20,0.18,Instance2,23,-31,20,0.82
Object29,Instance1,10,-28,140,0.21,Instance2,10,-47,140,0.79
Object30,Instance1,829,-2,70,0.22,Instance2,829,-2,70,0.78
Object31,Instance1,889,-6,40,0.2,Instance2,889,-44,40,0.8
Object32,Instance1,445,-4,80,0.04,Instance2,445,-27,80,0.96
Object33,Instance1,485,-44,70,0.39,Instance2,485,-42,70,0.61
Object34,Instance1,47,-5,10,0.91,Instance2,47,-6,10,0.09
Object35,Instance1,593,-31,140,0.85,Instance2,593,-29,140,0.15
Object36,Instance1,609,-23,130,0.88,Instance2,609,-8,130,0.12
Object37,Instance1,660,-6,10,0.44,Instance2,660,-3,10,0.56
Object38,Instance1,764,-24,140,0.68,Instance2,764,-10,140,0.32
Object39,Instance1,420,-49,160,0.8,Instance2,420,-45,160,0.2
Object40,Instance1,470,-46,90,0.12,Instance2,470,-49,90,0.88
Object41,Instance1,835,-8,140,0.1,Instance2,835,-32,140,0.9
Object42,Instance1,466,-20,140,0.2,Instance2,466,-35,140,0.8
Object43,Instance1,691,-25,150,0.04,Instance2,691,-2,150,0.96
Object44,Instance1,543,-29,50,0.33,Instance2,543,-3,50,0.67
Object45,Instance1,15,-15,90,0.56,Instance2,15,-13,90,0.44
Object46,Instance1,821,-46,110,0.7,Instance2,821,-31,110,0.3
Object47,Instance1,296,-44,90,0.29,Instance2,296,-3,90,0.71
Object48,Instance1,18,-38,160,0.86,Instance2,18,-31,160,0.14
Object49,Instance1,316,-26,160,0.35,Instance2,316,-24,160,0.65
Object50,Instance1,415,-47,140,0.33,Instance2,415,-40,140,0.67
Object51,Instance1,443,-7,70,0.11,Instance2,443,-6,70,0.89
Object52,Instance1,302,-27,70,0.57,Instance2,302,-27,70,0.43
Object53,Instance1,607,-39,160,0.72,Instance2,607,-17,160,0.28
Object54,Instance1,873,-48,70,0.37,Instance2,873,-21,70,0.63
Object55,Instance1,40,-7,40,0.25,Instance2,40,-23,40,0.75
Object56,Instance1,647,-41,150,0.21,Instance2,647,-11,150,0.79
Object57,Instance1,267,-20,70,0.21,Instance2,267,-42,70,0.79
Object58,Instance1,807,-40,100,0.51,Instance2,807,-36,100,0.49
Object59,Instance1,439,-27,60,0.71,Instance2,439,-36,60,0.29
Object60,Instance1,694,-45,190,0.99,Instance2,694,-30,190,0.01
Object61,Instance1,981,-50,90,0.3,Instance2,981,-11,90,0.7
Object62,Instance1,314,-31,140,0.59,Instance2,314,-42,140,0.41
Object63,Instance1,121,-42,110,0.94,Instance2,121,-39,110,0.06
Object64,Instance1,250,-36,60,0.83,Instance2,250,-9,60,0.17
Object65,Instance1,184,-13,80,0.45,Instance2,184,-39,80,0.55
Object66,Instance1,92,-25,80,0.49,Instance2,92,-2,80,0.51
Object67,Instance1,47,-7,80,0.46,Instance2,47,-50,80,0.54
Object68,Instance1,173,-4,40,0.02,Instance2,173,-23,40,0.98
Object69,Instance1,113,-6,170,0.3,Instance2,113,-29,170,0.7
Object70,Instance1,213,-47,10,0.72,Instance2,213,-48,10,0.28
Object71,Instance1,611,-20,190,0.3,Instance2,611,-50,190,0.7
Object72,Instance1,894,-24,170,0.6,Instance2,894,-28,170,0.4
Object73,Instance1,465,-21,20,0.85,Instance2,465,-49,20,0.15
Object74,Instance1,180,-33,40,0.45,Instance2,180,-10,40,0.55
Object75,Instance1,236,-16,110,0.85,Instance2,236,-39,110,0.15
Object76,Instance1,432,-36,50,0.52,Instance2,432,-13,50,0.48
Object77,Instance1,587,-15,100,0.25,Instance2,587,-49,100,0.75
Object78,Instance1,511,-41,40,0.7,Instance2,511,-21,40,0.3
Object79,Instance1,632,-8,150,0.33,Instance2,632,-42,150,0.67
Object80,Instance1,239,-40,80,0.1,Instance2,239,-13,80,0.9
Object81,Instance1,721,-17,20,0.37,Instance2,721,-6,20,0.63
Object82,Instance1,500,-21,20,0.76,Instance2,500,-6,20,0.24
Object83,Instance1,539,-33,80,0.44,Instance2,539,-28,80,0.56
Object84,Instance1,192,-10,80,0.04,Instance2,192,-36,80,0.96
Object85,Instance1,526,-14,90,0.63,Instance2,526,-39,90,0.37
Object86,Instance1,324,-42,130,0.4,Instance2,324,-5,130,0.6
Object87,Instance1,14,-22,200,0.75,Instance2,14,-26,200,0.25
Object88,Instance1,590,-19,110,0.31,Instance2,590,-36,110,0.69
Object89,Instance1,832,-21,180,0.62,Instance2,832,-37,180,0.38
Object90,Instance1,648,-41,20,0.51,Instance2,648,-41,20,0.49
Object91,Instance1,454,-11,70,0.08,Instance2,454,-27,70,0.92
Object92,Instance1,282,-2,10,0.89,Instance2,282,-30,10,0.11
Object93,Instance1,557,-34,150,0.02,Instance2,557,-30,150,0.98
Object94,Instance1,264,-8,40,0.89,Instance2,264,-44,40,0.11
Object95,Instance1,121,-7,200,0.29,Instance2,121,-1,200,0.71
Object96,Instance1,220,-27,50,0.3,Instance2,220,-9,50,0.7
Object97,Instance1,849,-45,50,0.22,Instance2,849,-19,50,0.78
Object98,Instance1,375,-38,150,0.45,Instance2,375,-30,150,0.55
Object99,Instance1,489,-22,30,0.22,Instance2,489,-9,30,0.78
Object100,Instance1,845,-37,30,0.91,Instance2,845,-38,30,0.09
Object101,Instance1,727,-46,150,0.78,Instance2,727,-5,150,0.22
Object102,Instance1,564,-45,80,0.94,Instance2,564,-39,80,0.06
Object103,Instance1,586,-3,70,0.65,Instance2,586,-17,70,0.35
Object104,Instance1,691,-25,70,0.17,Instance2,691,-23,70,0.83
Object105,Instance1,59,-4,80,0.62,Instance2,59,-39,80,0.38
Object106,Instance1,129,-43,40,0.54,Instance2,129,-4,40,0.46
Object107,Instance1,434,-3,190,0.87,Instance2,434,-16,190,0.13
Object108,Instance1,8,-20,40,0.56,Instance2,8,-37,40,0.44
Object109,Instance1,424,-19,160,0.68,Instance2,424,-20,160,0.32
Object110,Instance1,700,-32,150,0.61,Instance2,700,-10,150,0.39
Object111,Instance1,223,-30,30,0.72,Instance2,223,-15,30,0.28
Object112,Instance1,980,-32,80,0.68,Instance2,980,-18,80,0.32
Object113,Instance1,118,-23,130,0.78,Instance2,118,-35,130,0.22
Object114,Instance1,566,-20,170,0.71,Instance2,566,-23,170,0.29
Object115,Instance1,507,-19,190,0.99,Instance2,507,-6,190,0.01
Object116,Instance1,466,-41,160,0.71,Instance2,466,-34,160,0.29
Object117,Instance1,623,-35,120,0.69,Instance2,623,-14,120,0.31
Object118,Instance1,689,-31,170,0.61,Instance2,689,-35,170,0.39
Object119,Instance1,568,-22,10,0.7,Instance2,568,-11,10,0.3
Object120,Instance1,484,-22,180,0.25,Instance2,484,-3,180,0.75
Object121,Instance1,127,-13,110,0.0,Instance2,127,-19,110,1.0
Object122,Instance1,65,-45,120,0.48,Instance2,65,-6,120,0.52
Object123,Instance1,454,-31,80,0.73,Instance2,454,-4,80,0.27
Object124,Instance1,100,-13,50,0.87,Instance2,100,-22,50,0.13
Object125,Instance1,171,-32,30,0.69,Instance2,171,-14,30,0.31
Object126,Instance1,773,-28,110,0.41,Instance2,773,-38,110,0.59
Object127,Instance1,380,-19,90,0.31,Instance2,380,-32,90,0.69
Object128,Instance1,557,-24,170,0.84,Instance2,557,-31,170,0.16
Object129,Instance1,320,-29,190,0.03,Instance2,320,-10,190,0.97
Object130,Instance1,867,-31,90,0.6,Instance2,867,-37,90,0.4
Object131,Instance1,219,-49,30,0.62,Instance2,219,-32,30,0.38
Object132,Instance1,850,-24,190,0.35,Instance2,850,-43,190,0.65
Object133,Instance1,898,-4,60,0.85,Instance2,898,-20,60,0.15
Object134,Instance1,878,-37,90,0.55,Instance2,878,-25,90,0.45
Object135,Instance1,277,-48,50,0.34,Instance2,277,-24,50,0.66
Object136,Instance1,19,-17,170,0.71,Instance2,19,-6,170,0.29
Object137,Instance1,742,-28,80,1.0,Instance2,742,-4,80,0.0
Object138,Instance1,410,-41,170,0.06,Instance2,410,-33,170,0.94
Object139,Instance1,192,-34,180,0.58,Instance2,192,-17,180,0.42
Object140,Instance1,217,-31,200,0.02,Instance2,217,-36,200,0.98
Object141,Instance1,183,-33,170,0.21,Instance2,183,-46,170,0.79
Object142,Instance1,778,-19,190,1.0,Instance2,778,-45,190,0.0
Object143,Instance1,739,-46,70,0.18,Instance2,739,-22,70,0.82
Object144,Instance1,215,-7,80,1.0,Instance2,215,-49,80,0.0
Object145,Instance1,394,-31,200,0.46,Instance2,394,-25,200,0.54
Object146,Instance1,404,-15,180,0.77,Instance2,404,-34,180,0.23
Object147,Instance1,874,-46,40,0.46,Instance2,874,-25,40,0.54
Object148,Instance1,447,-13,160,0.98,Instance2,447,-38,160,0.02
Object149,Instance1,750,-46,180,0.44,Instance2,750,-34,180,0.56
Object150,Instance1,670,-37,20,0.29,Instance2,670,-4,20,0.71
Object151,Instance1,350,-35,90,0.05,Instance2,350,-27,90,0.95
Object152,Instance1,141,-2,60,0.07,Instance2,141,-42,60,0.93
Object153,Instance1,691,-45,140,0.69,Instance2,691,-20,140,0.31
Object154,Instance1,274,-10,160,0.6,Instance2,274,-22,160,0.4
Object155,Instance1,463,-49,40,0.61,Instance2,463,-34,40,0.39
Object156,Instance1,156,-26,120,0.08,Instance2,156,-25,120,0.92
Object157,Instance1,888,-46,10,0.08,Instance2,888,-2,10,0.92
Object158,Instance1,44,-14,90,0.71,Instance2,44,-6,90,0.29
Object159,Instance1,264,-29,150,0.11,Instance2,264,-10,150,0.89
Object160,Instance1,189,-1,70,0.53,Instance2,189,-3,70,0.47
Object161,Instance1,498,-38,100,0.75,Instance2,498,-29,100,0.25
Object162,Instance1,949,-20,160,0.41,Instance2,949,-17,160,0.59
Object163,Instance1,83,-13,30,0.25,Instance2,83,-46,30,0.75
Object164,Instance1,959,-45,80,0.22,Instance2,959,-38,80,0.78
Object165,Instance1,757,-39,80,0.35,Instance2,757,-48,80,0.65
Object166,Instance1,499,-8,150,0.33,Instance2,499,-6,150,0.67
Object167,Instance1,12,-34,40,1.0,Instance2,12,-40,40,0.0
Object168,Instance1,276,-26,50,0.51,Instance2,276,-10,50,0.49
Object169,Instance1,50,-46,130,0.47,Instance2,50,-11,130,0.53
Object170,Instance1,127,-6,100,0.58,Instance2,127,-5,100,0.42
Object171,Instance1,221,-6,140,0.02,Instance2,221,-25,140,0.98
Object172,Instance1,702,-3,90,0.66,Instance2,702,-41,90,0.34
Object173,Instance1,644,-2,50,0.13,Instance2,644,-15,50,0.87
Object174,Instance1,659,-6,170,0.76,Instance2,659,-45,170,0.24
Object175,Instance1,436,-2,80,0.32,Instance2,436,-39,80,0.68
Object176,Instance1,308,-34,170,0.78,Instance2,308,-3,170,0.22
Object177,Instance1,427,-47,110,0.13,Instance2,427,-17,110,0.87
Object178,Instance1,304,-36,30,0.66,Instance2,304,-50,30,0.34
Object179,Instance1,198,-26,20,0.91,Instance2,198,-21,20,0.09
Object180,Instance1,660,-41,60,0.9,Instance2,660,-20,60,0.1
Object181,Instance1,832,-15,30,0.79,Instance2,832,-34,30,0.21
Object182,Instance1,810,-30,40,0.84,Instance2,810,-6,40,0.16
Object183,Instance1,755,-30,10,0.77,Instance2,755,-41,10,0.23
Object184,Instance1,282,-38,80,0.86,Instance2,282,-23,80,0.14
Object185,Instance1,112,-44,40,0.04,Instance2,112,-37,40,0.96
Object186,Instance1,816,-24,70,0.73,Instance2,816,-47,70,0.27
Object187,Instance1,738,-29,90,0.85,Instance2,738,-11,90,0.15
Object188,Instance1,452,-26,180,0.22,Instance2,452,-44,180,0.78
Object189,Instance1,882,-40,80,0.78,Instance2,882,-7,80,0.22
Object190,Instance1,317,-38,20,0.63,Instance2,317,-20,20,0.37
Object191,Instance1,240,-36,10,0.86,Instance2,240,-21,10,0.14
Object192,Instance1,970,-8,20,0.4,Instance2,970,-30,20,0.6
Object193,Instance1,764,-14,100,0.35,Instance2,764,-44,100,0.65
Object194,Instance1,237,-7,80,0.88,Instance2,237,-37,80,0.12
Object195,Instance1,630,-32,40,0.57,Instance2,630,-22,40,0.43
Object196,Instance1,312,-29,90,0.06,Instance2,312,-9,90,0.94
Object197,Instance1,501,-20,90,0.0,Instance2,501,-29,90,1.0
Object198,Instance1,742,-48,160,0.21,Instance2,742,-44,160,0.79
Object199,Instance1,645,-43,200,0.53,Instance2,645,-16,200,0.47
Object200,Instance1,362,-44,110,0.17,Instance2,362,-21,110,0.83
Object201,Instance1,121,-3,70,0.05,Instance2,121,-46,70,0.95
Object202,Instance1,354,-13,200,0.4,Instance2,354,-5,200,0.6
Object203,Instance1,272,-40,120,0.25,Instance2,272,-9,120,0.75
Object204,Instance1,270,-9,140,0.52,Instance2,270,-3,140,0.48
Object205,Instance1,583,-45,80,0.46,Instance2,583,-7,80,0.54
Object206,Instance1,143,-34,200,0.77,Instance2,143,-49,200,0.23
Object207,Instance1,878,-14,50,0.13,Instance2,878,-24,50,0.87
Object208,Instance1,887,-15,150,0.02,Instance2,887,-24,150,0.98
Object209,Instance1,803,-1,90,0.25,Instance2,803,-46,90,0.75
Object210,Instance1,982,-11,120,0.32,Instance2,982,-38,120,0.68
Object211,Instance1,777,-30,170,0.27,Instance2,777,-46,170,0.73
Object212,Instance1,875,-10,70,0.26,Instance2,875,-42,70,0.74
Object213,Instance1,52,-24,10,0.63,Instance2,52,-2,10,0.37
Object214,Instance1,524,-38,140,0.91,Instance2,524,-45,140,0.09
Object215,Instance1,224,-41,90,0.54,Instance2,224,-34,90,0.46
Object216,Instance1,557,-15,100,0.93,Instance2,557,-43,100,0.07
Object217,Instance1,205,-38,180,0.79,Instance2,205,-24,180,0.21
Object218,Instance1,624,-23,60,0.15,Instance2,624,-34,60,0.85
Object219,Instance1,773,-27,90,0.59,Instance2,773,-15,90,0.41
Object220,Instance1,181,-27,70,0.05,Instance2,181,-41,70,0.95
Object221,Instance1,559,-32,110,0.44,Instance2,559,-4,110,0.56
Object222,Instance1,627,-28,10,0.41,Instance2,627,-43,10,0.59
Object223,Instance1,707,-14,190,0.25,Instance2,707,-26,190,0.75
Object224,Instance1,554,-39,90,0.69,Instance2,554,-49,90,0.31
Object225,Instance1,456,-35,100,0.48,Instance2,456,-17,100,0.52
Object226,Instance1,333,-1,40,0.77,Instance2,333,-12,40,0.23
Object227,Instance1,805,-18,80,0.99,Instance2,805,-12,80,0.01
Object228,Instance1,785,-20,60,0.01,Instance2,785,-2,60,0.99
Object229,Instance1,354,-18,30,0.17,Instance2,354,-40,30,0.83
Object230,Instance1,558,-30,170,0.84,Instance2,558,-29,170,0.16
Object231,Instance1,163,-6,160,0.11,Instance2,163,-27,160,0.89
Object232,Instance1,161,-50,140,0.85,Instance2,161,-22,140,0.15
Object233,Instance1,903,-8,130,0.14,Instance2,903,-43,130,0.86
Object234,Instance1,70,-34,150,0.76,Instance2,70,-37,150,0.24
Object235,Instance1,604,-39,160,0.87,Instance2,604,-22,160,0.13
Object236,Instance1,22,-27,20,0.82,Instance2,22,-32,20,0.18
Object237,Instance1,988,-16,170,0.29,Instance2,988,-1,170,0.71
Object238,Instance1,603,-25,110,0.22,Instance2,603,-12,110,0.78
Object239,Instance1,750,-42,90,0.65,Instance2,750,-13,90,0.35
Object240,Instance1,857,-28,130,0.27,Instance2,857,-49,130,0.73
Object241,Instance1,209,-34,20,0.64,Instance2,209,-41,20,0.36
Object242,Instance1,878,-9,160,0.44,Instance2,878,-34,160,0.56
Object243,Instance1,332,-25,50,0.27,Instance2,332,-35,50,0.73
Object244,Instance1,18,-28,140,0.95,Instance2,18,-49,140,0.05
Object245,Instance1,897,-35,160,0.41,Instance2,897,-10,160,0.59
Object246,Instance1,984,-6,50,0.98,Instance2,984,-47,50,0.02
Object247,Instance1,358,-7,60,0.11,Instance2,358,-42,60,0.89
Object248,Instance1,60,-24,70,0.45,Instance2,60,-25,70,0.55
Object249,Instance1,524,-23,30,0.62,Instance2,524,-31,30,0.38
Object250,Instance1,754,-22,140,0.03,Instance2,754,-32,140,0.97
Object251,Instance1,516,-5,10,0.78,Instance2,516,-47,10,0.22
Object252,Instance1,512,-17,90,0.58,Instance2,512,-14,90,0.42
Object253,Instance1,757,-50,130,0.29,Instance2,757,-22,130,0.71
Object254,Instance1,378,-38,190,0.72,Instance2,378,-22,190,0.28
Object255,Instance1,243,-11,40,0.69,Instance2,243,-37,40,0.31
Object256,Instance1,21,-26,20,0.39,Instance2,21,-44,20,0.61
Object257,Instance1,773,-14,50,0.63,Instance2,773,-27,50,0.37
Object258,Instance1,547,-12,110,0.8,Instance2,547,-38,110,0.2
Object259,Instance1,317,-45,130,0.3,Instance2,317,-41,130,0.7
Object260,Instance1,548,-18,160,0.35,Instance2,548,-15,160,0.65
Object261,Instance1,752,-5,120,0.32,Instance2,752,-23,120,0.68
Object262,Instance1,34,-22,50,0.23,Instance2,34,-44,50,0.77
Object263,Instance1,71,-16,80,0.12,Instance2,71,-21,80,0.88
Object264,Instance1,36,-25,150,0.06,Instance2,36,-39,150,0.94
Object265,Instance1,210,-27,30,0.92,Instance2,210,-7,30,0.08
Object266,Instance1,897,-5,120,0.13,Instance2,897,-47,120,0.87
Object267,Instance1,674,-40,110,0.53,Instance2,674,-14,110,0.47
Object268,Instance1,988,-35,110,0.48,Instance2,988,-2,110,0.52
Object269,Instance1,321,-6,50,0.03,Instance2,321,-40,50,0.97
Object270,Instance1,679,-11,180,0.47,Instance2,679,-31,180,0.53
Object271,Instance1,441,-47,100,0.35,Instance2,441,-16,100,0.65
Object272,Instance1,599,-33,100,0.76,Instance2,599,-6,100,0.24
Object273,Instance1,571,-40,10,0.37,Instance2,571,-14,10,0.63
Object274,Instance1,408,-9,30,0.65,Instance2,408,-12,30,0.35
Object275,Instance1,233,-22,180,0.61,Instance2,233,-24,180,0.39
Object276,Instance1,130,-24,50,0.4,Instance2,130,-4,50,0.6
Object277,Instance1,750,-19,150,0.08,Instance2,750,-25,150,0.92
Object278,Instance1,808,-19,50,0.63,Instance2,808,-15,50,0.37
Object279,Instance1,629,-30,40,0.18,Instance2,629,-28,40,0.82
Object280,Instance1,660,-46,70,0.47,Instance2,660,-38,70,0.53
Object281,Instance1,870,-10,90,0.67,Instance2,870,-21,90,0.33
Object282,Instance1,359,-35,70,0.6,Instance2,359,-18,70,0.4
Object283,Instance1,774,-44,140,0.35,Instance2,774,-17,140,0.65
Object284,Instance1,794,-31,190,0.86,Instance2,794,-36,190,0.14
Object285,Instance1,343,-46,60,0.9,Instance2,343,-36,60,0.1
Object286,Instance1,864,-27,100,0.75,Instance2,864,-1,100,0.25
Object287,Instance1,230,-25,170,0.06,Instance2,230,-36,170,0.94
Object288,Instance1,399,-8,150,0.63,Instance2,399,-16,150,0.37
Object289,Instance1,83,-22,170,0.78,Instance2,83,-9,170,0.22
Object290,Instance1,729,-37,170,0.12,Instance2,729,-32,170,0.88
Object291,Instance1,770,-31,20,0.92,Instance2,770,-25,20,0.08
Object292,Instance1,181,-21,40,0.96,Instance2,181,-15,40,0.04
Object293,Instance1,37,-29,10,0.68,Instance2,37,-13,10,0.32
Object294,Instance1,699,-36,40,0.95,Instance2,699,-1,40,0.05
Object295,Instance1,527,-38,170,0.87,Instance2,527,-26,170,0.13
Object296,Instance1,863,-15,110,0.07,Instance2,863,-46,110,0.93
Object297,Instance1,228,-7,30,0.49,Instance2,228,-2,30,0.51
Object298,Instance1,831,-6,120,0.63,Instance2,831,-8,120,0.37
Object299,Instance1,862,-30,130,0.78,Instance2,862,-40,130,0.22
Object300,Instance1,187,-39,50,0.06,Instance2,187,-3,50,0.94
Object301,Instance1,866,-31,110,0.67,Instance2,866,-1,110,0.33
Object302,Instance1,693,-43,70,0.14,Instance2,693,-24,70,0.86
Object303,Instance1,549,-36,160,0.66,Instance2,549,-33,160,0.34
Object304,Instance1,483,-37,20,0.57,Instance2,483,-30,20,0.43
Object305,Instance1,646,-33,10,0.7,Instance2,646,-13,10,0.3
Object306,Instance1,133,-17,110,0.89,Instance2,133,-1,110,0.11
Object307,Instance1,269,-11,40,0.34,Instance2,269,-2,40,0.66
Object308,Instance1,459,-32,160,0.16,Instance2,459,-11,160,0.84
Object309,Instance1,617,-25,60,0.08,Instance2,617,-49,60,0.92
Object310,Instance1,534,-40,150,0.32,Instance2,534,-43,150,0.68
Object311,Instance1,769,-28,30,0.87,Instance2,769,-4,30,0.13
Object312,Instance1,21,-20,100,0.23,Instance2,21,-36,100,0.77
Object313,Instance1,826,-12,80,0.18,Instance2,826,-26,80,0.82
Object314,Instance1,324,-18,30,0.77,Instance2,324,-24,30,0.23
Object315,Instance1,113,-24,110,0.17,Instance2,113,-3,110,0.83
Object316,Instance1,229,-36,40,0.23,Instance2,229,-50,40,0.77
Object317,Instance1,773,-25,100,0.36,Instance2,773,-27,100,0.64
Object318,Instance1,913,-42,80,0.39,Instance2,913,-47,80,0.61
Object319,Instance1,84,-11,110,0.37,Instance2,84,-16,110,0.63
Object320,Instance1,236,-33,40,0.1,Instance2,236,-26,40,0.9
Object321,Instance1,179,-37,90,0.86,Instance2,179,-27,90,0.14
Object322,Instance1,695,-21,140,0.86,Instance2,695,-32,140,0.14
Object323,Instance1,224,-29,180,0.95,Instance2,224,-31,180,0.05
Object324,Instance1,834,-18,10,0.66,Instance2,834,-3,10,0.34
Object325,Instance1,138,-17,200,0.19,Instance2,138,-28,200,0.81
Object326,Instance1,591,-19,40,0.57,Instance2,591,-48,40,0.43
Object327,Instance1,125,-13,40,0.47,Instance2,125,-50,40,0.53
Object328,Instance1,227,-45,160,0.74,Instance2,227,-23,160,0.26
Object329,Instance1,153,-15,10,0.77,Instance2,153,-44,10,0.23
Object330,Instance1,55,-7,70,0.04,Instance2,55,-10,70,0.96
Object331,Instance1,220,-4,140,0.82,Instance2,220,-28,140,0.18
Object332,Instance1,193,-45,90,0.08,Instance2,193,-43,90,0.92
Object333,Instance1,255,-3,30,0.26,Instance2,255,-3,30,0.74
Object334,Instance1,733,-45,20,0.04,Instance2,733,-20,20,0.96
Object335,Instance1,204,-50,40,0.47,Instance2,204,-17,40,0.53
Object336,Instance1,250,-19,150,0.32,Instance2,250,-36,150,0.68
Object337,Instance1,933,-4,140,0.85,Instance2,933,-18,140,0.15
Object338,Instance1,705,-3,90,0.83,Instance2,705,-20,90,0.17
Object339,Instance1,924,-5,40,0.09,Instance2,924,-44,40,0.91
Object340,Instance1,116,-9,50,0.73,Instance2,116,-44,50,0.27
Object341,Instance1,808,-35,90,0.67,Instance2,808,-1,90,0.33
Object342,Instance1,751,-23,110,0.33,Instance2,751,-40,110,0.67
Object343,Instance1,802,-1,70,0.63,Instance2,802,-40,70,0.37
Object344,Instance1,938,-12,70,0.95,Instance2,938,-42,70,0.05
Object345,Instance1,589,-38,150,0.35,Instance2,589,-43,150,0.65
Object346,Instance1,525,-9,120,0.06,Instance2,525,-25,120,0.94
Object347,Instance1,477,-22,30,0.77,Instance2,477,-16,30,0.23
Object348,Instance1,642,-13,140,0.03,Instance2,642,-19,140,0.97
Object349,Instance1,743,-44,70,0.96,Instance2,743,-2,70,0.04
Object350,Instance1,214,-38,190,0.31,Instance2,214,-31,190,0.69
Object351,Instance1,789,-47,140,0.35,Instance2,789,-45,140,0.65
Object352,Instance1,134,-35,130,0.5,Instance2,134,-22,130,0.5
Object353,Instance1,374,-7,20,0.5,Instance2,374,-15,20,0.5
Object354,Instance1,628,-33,100,0.33,Instance2,628,-24,100,0.67
Object355,Instance1,403,-45,110,0.36,Instance2,403,-8,110,0.64
Object356,Instance1,354,-20,160,0.11,Instance2,354,-40,160,0.89
Object357,Instance1,724,-21,120,0.3,Instance2,724,-43,120,0.7
Object358,Instance1,1,-44,200,0.46,Instance2,1,-24,200,0.54
Object359,Instance1,72,-28,150,0.54,Instance2,72,-43,150,0.46
Object360,Instance1,520,-31,150,0.13,Instance2,520,-2,150,0.87
Object361,Instance1,475,-42,190,0.5,Instance2,475,-44,190,0.5
Object362,Instance1,605,-45,140,0.02,Instance2,605,-31,140,0.98
Object363,Instance1,688,-19,120,0.96,Instance2,688,-22,120,0.04
Object364,Instance1,687,-37,110,0.32,Instance2,687,-48,110,0.68
Object365,Instance1,330,-3,50,0.3,Instance2,330,-7,50,0.7
Object366,Instance1,83,-25,70,0.14,Instance2,83,-36,70,0.86
Object367,Instance1,783,-7,140,0.18,Instance2,783,-43,140,0.82
Object368,Instance1,402,-42,130,0.8,Instance2,402,-35,130,0.2
Object369,Instance1,98,-1,130,0.87,Instance2,98,-21,130,0.13
Object370,Instance1,546,-19,170,0.05,Instance2,546,-1,170,0.95
Object371,Instance1,989,-25,80,0.96,Instance2,989,-29,80,0.04
Object372,Instance1,840,-33,70,0.14,Instance2,840,-43,70,0.86
Object373,Instance1,482,-29,130,0.76,Instance2,482,-34,130,0.24
Object374,Instance1,724,-28,160,0.28,Instance2,724,-2,160,0.72
Object375,Instance1,571,-41,60,0.57,Instance2,571,-12,60,0.43
Object376,Instance1,965,-20,30,0.75,Instance2,965,-44,30,0.25
Object377,Instance1,184,-23,90,0.86,Instance2,184,-43,90,0.14
Object378,Instance1,237,-45,190,0.42,Instance2,237,-35,190,0.58
Object379,Instance1,92,-13,70,0.62,Instance2,92,-47,70,0.38
Object380,Instance1,872,-50,80,0.9,Instance2,872,-32,80,0.1
Object381,Instance1,142,-25,30,0.49,Instance2,142,-33,30,0.51
Object382,Instance1,862,-22,60,0.88,Instance2,862,-4,60,0.12
Object383,Instance1,403,-25,120,0.64,Instance2,403,-4,120,0.36
Object384,Instance1,186,-8,90,0.56,Instance2,186,-22,90,0.44
Object385,Instance1,696,-49,10,0.5,Instance2,696,-16,10,0.5
Object386,Instance1,8,-34,120,0.66,Instance2,8,-42,120,0.34
Object387,Instance1,874,-12,110,0.63,Instance2,874,-50,110,0.37
Object388,Instance1,72,-1,30,0.59,Instance2,72,-45,30,0.41
Object389,Instance1,158,-17,100,0.54,Instance2,158,-35,100,0.46
Object390,Instance1,669,-7,10,0.58,Instance2,669,-43,10,0.42
Object391,Instance1,538,-22,10,0.82,Instance2,538,-10,10,0.18
Object392,Instance1,559,-43,100,0.04,Instance2,559,-27,100,0.96
Object393,Instance1,397,-18,30,0.31,Instance2,397,-26,30,0.69
Object394,Instance1,88,-42,20,0.76,Instance2,88,-22,20,0.24
Object395,Instance1,388,-36,40,0.14,Instance2,388,-14,40,0.86
Object396,Instance1,245,-48,180,0.16,Instance2,245,-16,180,0.84
Object397,Instance1,11,-7,120,0.7,Instance2,11,-33,120,0.3
Object398,Instance1,623,-29,70,0.82,Instance2,623,-16,70,0.18
Object399,Instance1,70,-31,30,0.53,Instance2,70,-49,30,0.47
Object400,Instance1,311,-45,40,0.54,Instance2,311,-4,40,0.46
Object401,Instance1,982,-39,50,0.94,Instance2,982,-44,50,0.06
Object402,Instance1,415,-23,200,0.88,Instance2,415,-14,200,0.12
Object403,Instance1,945,-4,160,0.88,Instance2,945,-17,160,0.12
Object404,Instance1,288,-34,60,0.98,Instance2,288,-9,60,0.02
Object405,Instance1,637,-47,80,0.52,Instance2,637,-44,80,0.48
Object406,Instance1,716,-12,170,0.71,Instance2,716,-45,170,0.29
Object407,Instance1,57,-28,200,0.67,Instance2,57,-31,200,0.33
Object408,Instance1,238,-8,30,0.21,Instance2,238,-20,30,0.79
Object409,Instance1,304,-44,30,0.82,Instance2,304,-8,30,0.18
Object410,Instance1,178,-40,200,0.25,Instance2,178,-48,200,0.75
Object411,Instance1,67,-14,150,0.56,Instance2,67,-14,150,0.44
Object412,Instance1,679,-5,160,0.84,Instance2,679,-4,160,0.16
Object413,Instance1,465,-50,120,0.89,Instance2,465,-1,120,0.11
Object414,Instance1,443,-27,150,0.39,Instance2,443,-11,150,0.61
Object415,Instance1,115,-42,90,0.53,Instance2,115,-21,90,0.47
Object416,Instance1,697,-18,10,0.14,Instance2,697,-47,10,0.86
Object417,Instance1,719,-11,150,0.78,Instance2,719,-40,150,0.22
Object418,Instance1,292,-48,150,0.54,Instance2,292,-42,150,0.46
Object419,Instance1,289,-34,150,0.86,Instance2,289,-30,150,0.14
Object420,Instance1,106,-16,70,0.11,Instance2,106,-35,70,0.89
Object421,Instance1,91,-38,40,0.88,Instance2,91,-11,40,0.12
Object422,Instance1,841,-8,50,0.01,Instance2,841,-32,50,0.99
Object423,Instance1,458,-35,100,0.97,Instance2,458,-14,100,0.03
Object424,Instance1,625,-36,150,0.18,Instance2,625,-45,150,0.82
Object425,Instance1,352,-40,80,0.4,Instance2,352,-45,80,0.6
Object426,Instance1,414,-17,70,0.24,Instance2,414,-14,70,0.76
Object427,Instance1,645,-20,90,0.41,Instance2,645,-20,90,0.59
Object428,Instance1,886,-42,160,0.2,Instance2,886,-16,160,0.8
Object429,Instance1,70,-34,110,0.47,Instance2,70,-16,110,0.53
Object430,Instance1,102,-26,160,0.37,Instance2,102,-27,160,0.63
Object431,Instance1,519,-44,190,0.75,Instance2,519,-43,190,0.25
Object432,Instance1,522,-41,60,0.28,Instance2,522,-50,60,0.72
Object433,Instance1,110,-2,200,0.13,Instance2,110,-42,200,0.87
Object434,Instance1,811,-33,170,0.69,Instance2,811,-9,170,0.31
Object435,Instance1,339,-33,50,0.82,Instance2,339,-20,50,0.18
Object436,Instance1,236,-11,180,0.97,Instance2,236,-32,180,0.03
Object437,Instance1,942,-8,50,0.24,Instance2,942,-27,50,0.76
Object438,Instance1,595,-12,140,0.8,Instance2,595,-25,140,0.2
Object439,Instance1,669,-40,170,0.49,Instance2,669,-45,170,0.51
Object440,Instance1,436,-40,160,0.39,Instance2,436,-25,160,0.61
Object441,Instance1,364,-26,100,0.62,Instance2,364,-8,100,0.38
Object442,Instance1,819,-25,10,0.69,Instance2,819,-49,10,0.31
Object443,Instance1,328,-36,180,0.68,Instance2,328,-29,180,0.32
Object444,Instance1,212,-30,120,0.69,Instance2,212,-16,120,0.31
Object445,Instance1,815,-18,150,0.16,Instance2,815,-42,150,0.84
Object446,Instance1,801,-12,50,0.18,Instance2,801,-13,50,0.82
Object447,Instance1,884,-37,90,0.06,Instance2,884,-11,90,0.94
Object448,Instance1,837,-4,110,0.11,Instance2,837,-14,110,0.89
Object449,Instance1,445,-4,10,0.14,Instance2,445,-31,10,0.86
Object450,Instance1,567,-23,100,0.61,Instance2,567,-18,100,0.39
Object451,Instance1,599,-11,100,0.62,Instance2,599,-44,100,0.38
Object452,Instance1,277,-26,70,0.56,Instance2,277,-4,70,0.44
Object453,Instance1,659,-24,150,0.49,Instance2,659,-41,150,0.51
Object454,Instance1,177,-28,180,0.4,Instance2,177,-46,180,0.6
Object455,Instance1,427,-46,10,0.89,Instance2,427,-35,10,0.11
Object456,Instance1,47,-42,180,0.24,Instance2,47,-20,180,0.76
Object457,Instance1,999,-31,140,0.29,Instance2,999,-32,140,0.71
Object458,Instance1,328,-1,190,0.69,Instance2,328,-42,190,0.31
Object459,Instance1,202,-8,130,0.56,Instance2,202,-48,130,0.44
Object460,Instance1,146,-47,180,0.94,Instance2,146,-47,180,0.06
Object461,Instance1,416,-11,100,0.95,Instance2,416,-30,100,0.05
Object462,Instance1,487,-22,190,0.57,Instance2,487,-10,190,0.43
Object463,Instance1,262,-47,80,0.73,Instance2,262,-25,80,0.27
Object464,Instance1,490,-20,70,0.94,Instance2,490,-44,70,0.06
Object465,Instance1,917,-46,90,0.07,Instance2,917,-34,90,0.93
Object466,Instance1,638,-10,180,0.07,Instance2,638,-13,180,0.93
Object467,Instance1,183,-10,130,0.15,Instance2,183,-20,130,0.85
Object468,Instance1,890,-8,190,0.21,Instance2,890,-5,190,0.79
Object469,Instance1,819,-25,200,0.0,Instance2,819,-43,200,1.0
Object470,Instance1,57,-44,40,0.52,Instance2,57,-15,40,0.48
Object471,Instance1,693,-2,130,0.92,Instance2,693,-33,130,0.08
Object472,Instance1,273,-16,140,0.08,Instance2,273,-41,140,0.92
Object473,Instance1,422,-45,30,0.64,Instance2,422,-23,30,0.36
Object474,Instance1,535,-11,30,0.35,Instance2,535,-41,30,0.65
Object475,Instance1,67,-35,110,0.24,Instance2,67,-33,110,0.76
Object476,Instance1,449,-28,170,0.92,Instance2,449,-19,170,0.08
Object477,Instance1,267,-40,150,0.4,Instance2,267,-25,150,0.6
Object478,Instance1,440,-6,100,0.04,Instance2,440,-3,100,0.96
Object479,Instance1,824,-43,90,0.33,Instance2,824,-50,90,0.67
Object480,Instance1,251,-31,60,0.66,Instance2,251,-50,60,0.34
Object481,Instance1,721,-30,120,0.42,Instance2,721,-41,120,0.58
Object482,Instance1,217,-47,190,0.4,Instance2,217,-7,190,0.6
Object483,Instance1,709,-38,90,0.25,Instance2,709,-36,90,0.75
Object484,Instance1,677,-23,140,0.67,Instance2,677,-12,140,0.33
Object485,Instance1,530,-39,170,0.01,Instance2,530,-46,170,0.99
Object486,Instance1,553,-23,170,0.54,Instance2,553,-30,170,0.46
Object487,Instance1,182,-10,70,0.31,Instance2,182,-9,70,0.69
Object488,Instance1,272,-25,150,0.35,Instance2,272,-50,150,0.65
Object489,Instance1,17,-6,70,0.54,Instance2,17,-3,70,0.46
Object490,Instance1,6,-39,50,0.26,Instance2,6,-36,50,0.74
Object491,Instance1,19,-6,80,0.9,Instance2,19,-18,80,0.1
Object492,Instance1,903,-28,200,0.29,Instance2,903,-10,200,0.71
Object493,Instance1,102,-5,90,0.16,Instance2,102,-23,90,0.84
Object494,Instance1,264,-10,170,0.12,Instance2,264,-22,170,0.88
Object495,Instance1,673,-24,190,0.55,Instance2,673,-3,190,0.45
Object496,Instance1,363,-30,60,0.9,Instance2,363,-8,60,0.1
Object497,Instance1,200,-18,70,0.82,Instance2,200,-1,70,0.18
Object498,Instance1,839,-28,160,0.24,Instance2,839,-9,160,0.76
Object499,Instance1,668,-26,90,0.8,Instance2,668,-37,90,0.2
Object500,Instance1,173,-33,170,0.55,Instance2,173,-42,170,0.45
Object501,Instance1,200,-7,20,0.18,Instance2,200,-41,20,0.82
Object502,Instance1,15,-25,110,0.65,Instance2,15,-4,110,0.35
Object503,Instance1,272,-33,40,0.17,Instance2,272,-23,40,0.83
Object504,Instance1,404,-16,10,0.72,Instance2,404,-27,10,0.28
Object505,Instance1,171,-19,130,0.67,Instance2,171,-12,130,0.33
Object506,Instance1,196,-27,40,0.67,Instance2,196,-41,40,0.33
Object507,Instance1,624,-20,90,0.87,Instance2,624,-14,90,0.13
Object508,Instance1,39,-41,20,0.27,Instance2,39,-44,20,0.73
Object509,Instance1,499,-11,150,0.86,Instance2,499,-40,150,0.14
Object510,Instance1,67,-12,130,0.6,Instance2,67,-42,130,0.4
Object511,Instance1,363,-41,100,0.22,Instance2,363,-36,100,0.78
Object512,Instance1,974,-24,20,0.84,Instance2,974,-33,20,0.16
Object513,Instance1,556,-22,190,0.96,Instance2,556,-11,190,0.04
Object514,Instance1,936,-9,20,0.33,Instance2,936,-44,20,0.67
Object515,Instance1,546,-30,150,0.15,Instance2,546,-35,150,0.85
Object516,Instance1,946,-46,160,0.05,Instance2,946,-25,160,0.95
Object517,Instance1,965,-19,130,0.73,Instance2,965,-7,130,0.27
Object518,Instance1,511,-27,200,0.35,Instance2,511,-35,200,0.65
Object519,Instance1,43,-45,140,0.44,Instance2,43,-32,140,0.56
Object520,Instance1,537,-42,50,0.72,Instance2,537,-30,50,0.28
Object521,Instance1,42,-18,10,0.92,Instance2,42,-15,10,0.08
Object522,Instance1,672,-41,110,0.83,Instance2,672,-42,110,0.17
Object523,Instance1,893,-35,180,0.35,Instance2,893,-12,180,0.65
Object524,Instance1,325,-19,60,0.44,Instance2,325,-17,60,0.56
Object525,Instance1,591,-36,190,0.19,Instance2,591,-47,190,0.81
Object526,Instance1,588,-16,10,0.83,Instance2,588,-8,10,0.17
Object527,Instance1,57,-4,200,0.49,Instance2,57,-6,200,0.51
Object528,Instance1,861,-11,190,0.94,Instance2,861,-43,190,0.06
Object529,Instance1,323,-36,180,0.27,Instance2,323,-20,180,0.73
Object530,Instance1,435,-4,90,0.74,Instance2,435,-12,90,0.26
Object531,Instance1,902,-29,160,0.49,Instance2,902,-41,160,0.51
Object532,Instance1,327,-26,130,0.82,Instance2,327,-36,130,0.18
Object533,Instance1,389,-41,20,0.51,Instance2,389,-46,20,0.49
Object534,Instance1,972,-9,130,0.22,Instance2,972,-1,130,0.78
Object535,Instance1,939,-38,190,0.32,Instance2,939,-46,190,0.68
Object536,Instance1,166,-35,50,0.12,Instance2,166,-4,50,0.88
Object537,Instance1,48,-41,190,0.16,Instance2,48,-46,190,0.84
Object538,Instance1,800,-17,160,0.28,Instance2,800,-11,160,0.72
Object539,Instance1,298,-36,20,0.14,Instance2,298,-14,20,0.86
Object540,Instance1,271,-25,200,0.01,Instance2,271,-45,200,0.99
Object541,Instance1,489,-24,100,0.46,Instance2,489,-23,100,0.54
Object542,Instance1,964,-35,30,0.77,Instance2,964,-18,30,0.23
Object543,Instance1,183,-8,50,0.38,Instance2,183,-32,50,0.62
Object544,Instance1,949,-30,150,0.23,Instance2,949,-30,150,0.77
Object545,Instance1,974,-38,100,0.84,Instance2,974,-29,100,0.16
Object546,Instance1,410,-40,100,0.29,Instance2,410,-4,100,0.71
Object547,Instance1,426,-3,160,0.8,Instance2,426,-9,160,0.2
Object548,Instance1,983,-32,10,0.74,Instance2,983,-9,10,0.26
Object549,Instance1,457,-44,80,0.86,Instance2,457,-35,80,0.14
Object550,Instance1,442,-19,120,0.46,Instance2,442,-29,120,0.54
Object551,Instance1,926,-1,40,0.68,Instance2,926,-2,40,0.32
Object552,Instance1,339,-6,60,0.9,Instance2,339,-33,60,0.1
Object553,Instance1,840,-31,80,0.89,Instance2,840,-49,80,0.11
Object554,Instance1,962,-47,80,0.71,Instance2,962,-28,80,0.29
Object555,Instance1,903,-44,200,0.91,Instance2,903,-40,200,0.09
Object556,Instance1,313,-10,200,0.79,Instance2,313,-33,200,0.21
Object557,Instance1,238,-26,70,0.46,Instance2,238,-36,70,0.54
Object558,Instance1,381,-42,90,0.7,Instance2,381,-41,90,0.3
Object559,Instance1,724,-34,60,0.46,Instance2,724,-26,60,0.54
Object560,Instance1,8,-7,10,0.03,Instance2,8,-17,10,0.97
Object561,Instance1,295,-24,90,0.85,Instance2,295,-45,90,0.15
Object562,Instance1,353,-4,150,0.13,Instance2,353,-20,150,0.87
Object563,Instance1,5,-12,200,0.25,Instance2,5,-25,200,0.75
Object564,Instance1,405,-4,150,0.4,Instance2,405,-24,150,0.6
Object565,Instance1,766,-13,150,0.1,Instance2,766,-17,150,0.9
Object566,Instance1,869,-17,20,0.28,Instance2,869,-7,20,0.72
Object567,Instance1,494,-12,80,0.49,Instance2,494,-29,80,0.51
Object568,Instance1,830,-16,90,0.53,Instance2,830,-38,90,0.47
Object569,Instance1,190,-23,110,0.38,Instance2,190,-7,110,0.62
Object570,Instance1,15,-41,80,0.7,Instance2,15,-30,80,0.3
Object571,Instance1,434,-42,190,0.56,Instance2,434,-7,190,0.44
Object572,Instance1,17,-23,90,0.76,Instance2,17,-37,90,0.24
Object573,Instance1,335,-30,30,0.08,Instance2,335,-7,30,0.92
Object574,Instance1,291,-13,60,0.81,Instance2,291,-24,60,0.19
Object575,Instance1,846,-24,60,0.43,Instance2,846,-43,60,0.57
Object576,Instance1,825,-22,100,0.57,Instance2,825,-20,100,0.43
Object577,Instance1,530,-33,60,0.77,Instance2,530,-26,60,0.23
Object578,Instance1,124,-28,160,0.59,Instance2,124,-26,160,0.41
Object579,Instance1,257,-48,170,0.9,Instance2,257,-46,170,0.1
Object580,Instance1,533,-46,60,0.77,Instance2,533,-40,60,0.23
Object581,Instance1,692,-6,130,0.01,Instance2,692,-14,130,0.99
Object582,Instance1,979,-28,130,0.13,Instance2,979,-47,130,0.87
Object583,Instance1,571,-30,180,0.56,Instance2,571,-44,180,0.44
Object584,Instance1,986,-40,40,0.26,Instance2,986,-34,40,0.74
Object585,Instance1,840,-47,180,0.64,Instance2,840,-11,180,0.36
Object586,Instance1,127,-40,100,0.45,Instance2,127,-46,100,0.55
Object587,Instance1,299,-3,190,0.76,Instance2,299,-42,190,0.24
Object588,Instance1,164,-38,70,0.87,Instance2,164,-49,70,0.13
Object589,Instance1,914,-20,140,0.97,Instance2,914,-48,140,0.03
Object590,Instance1,450,-22,90,0.12,Instance2,450,-19,90,0.88
Object591,Instance1,823,-38,90,0.68,Instance2,823,-26,90,0.32
Object592,Instance1,352,-6,190,0.8,Instance2,352,-6,190,0.2
Object593,Instance1,45,-12,90,0.99,Instance2,45,-47,90,0.01
Object594,Instance1,904,-30,40,0.87,Instance2,904,-13,40,0.13
Object595,Instance1,961,-39,70,0.49,Instance2,961,-28,70,0.51
Object596,Instance1,922,-47,140,0.57,Instance2,922,-15,140,0.43
Object597,Instance1,725,-21,80,0.69,Instance2,725,-17,80,0.31
Object598,Instance1,859,-15,180,0.53,Instance2,859,-20,180,0.47
Object599,Instance1,241,-22,10,0.63,Instance2,241,-27,10,0.37
Object600,Instance1,681,-15,180,0.08,Instance2,681,-34,180,0.92
Object601,Instance1,176,-22,110,0.58,Instance2,176,-37,110,0.42
Object602,Instance1,140,-20,110,0.03,Instance2,140,-32,110,0.97
Object603,Instance1,715,-19,80,0.47,Instance2,715,-26,80,0.53
Object604,Instance1,350,-25,200,0.38,Instance2,350,-12,200,0.62
Object605,Instance1,876,-25,40,0.59,Instance2,876,-44,40,0.41
Object606,Instance1,375,-21,200,0.32,Instance2,375,-3,200,0.68
Object607,Instance1,430,-28,50,0.55,Instance2,430,-22,50,0.45
Object608,Instance1,729,-32,170,0.19,Instance2,729,-10,170,0.81
Object609,Instance1,167,-13,110,0.26,Instance2,167,-15,110,0.74
Object610,Instance1,149,-11,190,0.21,Instance2,149,-20,190,0.79
Object611,Instance1,802,-49,140,0.66,Instance2,802,-5,140,0.34
Object612,Instance1,767,-19,10,0.79,Instance2,767,-9,10,0.21
Object613,Instance1,295,-25,80,0.28,Instance2,295,-47,80,0.72
Object614,Instance1,512,-34,170,0.52,Instance2,512,-43,170,0.48
Object615,Instance1,708,-26,190,0.61,Instance2,708,-50,190,0.39
Object616,Instance1,14,-45,150,0.85,Instance2,14,-43,150,0.15
Object617,Instance1,649,-41,20,0.55,Instance2,649,-44,20,0.45
Object618,Instance1,243,-50,80,0.93,Instance2,243,-8,80,0.07
Object619,Instance1,583,-26,50,0.08,Instance2,583,-29,50,0.92
Object620,Instance1,784,-35,70,0.9,Instance2,784,-48,70,0.1
Object621,Instance1,990,-35,190,0.07,Instance2,990,-2,190,0.93
Object622,Instance1,738,-9,140,0.54,Instance2,738,-9,140,0.46
Object623,Instance1,94,-10,20,0.72,Instance2,94,-9,20,0.28
Object624,Instance1,75,-40,30,0.37,Instance2,75,-18,30,0.63
Object625,Instance1,446,-12,130,0.21,Instance2,446,-31,130,0.79
Object626,Instance1,294,-16,200,0.6,Instance2,294,-12,200,0.4
Object627,Instance1,6,-28,110,0.2,Instance2,6,-39,110,0.8
Object628,Instance1,516,-33,30,0.28,Instance2,516,-21,30,0.72
Object629,Instance1,726,-12,10,0.9,Instance2,726,-3,10,0.1
Object630,Instance1,804,-46,170,0.26,Instance2,804,-21,170,0.74
Object631,Instance1,760,-9,10,0.52,Instance2,760,-22,10,0.48
Object632,Instance1,69,-1,160,0.9,Instance2,69,-39,160,0.1
Object633,Instance1,293,-10,30,0.0,Instance2,293,-33,30,1.0
Object634,Instance1,695,-16,180,0.72,Instance2,695,-24,180,0.28
Object635,Instance1,413,-17,190,0.83,Instance2,413,-22,190,0.17
Object636,Instance1,6,-14,30,0.96,Instance2,6,-32,30,0.04
Object637,Instance1,794,-37,90,0.69,Instance2,794,-13,90,0.31
Object638,Instance1,374,-14,50,0.66,Instance2,374,-28,50,0.34
Object639,Instance1,597,-17,170,0.74,Instance2,597,-12,170,0.26
Object640,Instance1,318,-21,200,0.05,Instance2,318,-22,200,0.95
Object641,Instance1,630,-48,160,0.72,Instance2,630,-24,160,0.28
Object642,Instance1,353,-32,200,0.4,Instance2,353,-8,200,0.6
Object643,Instance1,623,-15,90,0.16,Instance2,623,-47,90,0.84
Object644,Instance1,380,-13,200,0.25,Instance2,380,-44,200,0.75
Object645,Instance1,201,-5,140,0.13,Instance2,201,-11,140,0.87
Object646,Instance1,503,-1,170,0.41,Instance2,503,-44,170,0.59
Object647,Instance1,588,-29,100,0.43,Instance2,588,-21,100,0.57
Object648,Instance1,634,-47,100,0.62,Instance2,634,-17,100,0.38
Object649,Instance1,637,-28,170,0.49,Instance2,637,-25,170,0.51
Object650,Instance1,840,-42,170,0.23,Instance2,840,-48,170,0.77
Object651,Instance1,457,-15,110,0.82,Instance2,457,-10,110,0.18
Object652,Instance1,78,-26,70,0.99,Instance2,78,-48,70,0.01
Object653,Instance1,787,-16,110,0.03,Instance2,787,-30,110,0.97
Object654,Instance1,31,-46,170,0.41,Instance2,31,-4,170,0.59
Object655,Instance1,201,-2,10,0.12,Instance2,201,-16,10,0.88
Object656,Instance1,81,-42,170,0.67,Instance2,81,-20,170,0.33
Object657,Instance1,657,-41,80,0.61,Instance2,657,-27,80,0.39
Object658,Instance1,624,-19,120,0.15,Instance2,624,-42,120,0.85
Object659,Instance1,327,-21,180,0.95,Instance2,327,-38,180,0.05
Object660,Instance1,898,-16,110,0.03,Instance2,898,-28,110,0.97
Object661,Instance1,755,-1,120,0.95,Instance2,755,-13,120,0.05
Object662,Instance1,918,-41,120,0.68,Instance2,918,-15,120,0.32
Object663,Instance1,202,-41,10,0.84,Instance2,202,-20,10,0.16
Object664,Instance1,512,-36,110,0.44,Instance2,512,-3,110,0.56
Object665,Instance1,256,-7,150,0.62,Instance2,256,-49,150,0.38
Object666,Instance1,495,-44,150,0.19,Instance2,495,-37,150,0.81
Object667,Instance1,526,-42,200,0.38,Instance2,526,-37,200,0.62
Object668,Instance1,91,-9,130,0.29,Instance2,91,-49,130,0.71
Object669,Instance1,832,-41,150,0.1,Instance2,832,-5,150,0.9
Object670,Instance1,911,-42,180,0.67,Instance2,911,-14,180,0.33
Object671,Instance1,380,-27,40,0.04,Instance2,380,-15,40,0.96
Object672,Instance1,744,-25,100,0.41,Instance2,744,-2,100,0.59
Object673,Instance1,361,-35,80,0.3,Instance2,361,-40,80,0.7
Object674,Instance1,397,-13,150,0.93,Instance2,397,-42,150,0.07
Object675,Instance1,162,-19,150,0.5,Instance2,162,-21,150,0.5
Object676,Instance1,533,-11,160,0.73,Instance2,533,-41,160,0.27
Object677,Instance1,404,-46,130,0.42,Instance2,404,-39,130,0.58
Object678,Instance1,163,-33,200,0.6,Instance2,163,-22,200,0.4
Object679,Instance1,318,-42,160,0.64,Instance2,318,-35,160,0.36
Object680,Instance1,318,-46,80,0.67,Instance2,318,-41,80,0.33
Object681,Instance1,270,-22,80,0.1,Instance2,270,-1,80,0.9
Object682,Instance1,205,-14,180,0.64,Instance2,205,-45,180,0.36
Object683,Instance1,896,-31,40,0.05,Instance2,896,-40,40,0.95
Object684,Instance1,901,-6,10,0.67,Instance2,901,-43,10,0.33
Object685,Instance1,446,-43,100,0.04,Instance2,446,-5,100,0.96
Object686,Instance1,970,-40,200,0.26,Instance2,970,-28,200,0.74
Object687,Instance1,600,-28,190,0.24,Instance2,600,-47,190,0.76
Object688,Instance1,187,-49,10,0.54,Instance2,187,-37,10,0.46
Object689,Instance1,16,-22,170,0.59,Instance2,16,-26,170,0.41
Object690,Instance1,868,-1,110,0.51,Instance2,868,-18,110,0.49
Object691,Instance1,225,-37,30,0.21,Instance2,225,-28,30,0.79
Object692,Instance1,505,-42,90,0.15,Instance2,505,-17,90,0.85
Object693,Instance1,409,-1,100,0.81,Instance2,409,-4,100,0.19
Object694,Instance1,475,-20,70,0.53,Instance2,475,-40,70,0.47
Object695,Instance1,534,-3,60,0.93,Instance2,534,-26,60,0.07
Object696,Instance1,512,-5,160,0.66,Instance2,512,-18,160,0.34
Object697,Instance1,93,-24,140,0.95,Instance2,93,-3,140,0.05
Object698,Instance1,493,-49,160,0.91,Instance2,493,-15,160,0.09
Object699,Instance1,734,-6,190,0.47,Instance2,734,-49,190,0.53
Object700,Instance1,909,-42,200,0.5,Instance2,909,-39,200,0.5
Object701,Instance1,385,-49,200,0.27,Instance2,385,-2,200,0.73
Object702,Instance1,980,-17,100,0.93,Instance2,980,-19,100,0.07
Object703,Instance1,804,-30,150,0.66,Instance2,804,-8,150,0.34
Object704,Instance1,263,-41,90,0.0,Instance2,263,-26,90,1.0
Object705,Instance1,865,-9,30,0.04,Instance2,865,-20,30,0.96
Object706,Instance1,879,-34,140,0.87,Instance2,879,-15,140,0.13
Object707,Instance1,117,-1,120,0.95,Instance2,117,-50,120,0.05
Object708,Instance1,598,-15,170,0.58,Instance2,598,-18,170,0.42
Object709,Instance1,316,-19,60,0.77,Instance2,316,-43,60,0.23
Object710,Instance1,662,-1,10,0.65,Instance2,662,-50,10,0.35
Object711,Instance1,519,-12,80,0.65,Instance2,519,-40,80,0.35
Object712,Instance1,590,-36,110,0.0,Instance2,590,-45,110,1.0
Object713,Instance1,704,-11,30,0.89,Instance2,704,-17,30,0.11
Object714,Instance1,56,-18,160,0.63,Instance2,56,-40,160,0.37
Object715,Instance1,516,-41,130,0.78,Instance2,516,-50,130,0.22
Object716,Instance1,846,-6,120,0.8,Instance2,846,-50,120,0.2
Object717,Instance1,22,-38,180,0.98,Instance2,22,-17,180,0.02
Object718,Instance1,858,-39,150,0.57,Instance2,858,-26,150,0.43
Object719,Instance1,54,-36,180,0.94,Instance2,54,-24,180,0.06
Object720,Instance1,294,-10,60,0.45,Instance2,294,-42,60,0.55
Object721,Instance1,635,-32,170,0.85,Instance2,635,-1,170,0.15
Object722,Instance1,639,-27,40,0.54,Instance2,639,-38,40,0.46
Object723,Instance1,598,-45,60,0.54,Instance2,598,-7,60,0.46
Object724,Instance1,670,-26,20,0.44,Instance2,670,-20,20,0.56
Object725,Instance1,667,-49,50,0.78,Instance2,667,-9,50,0.22
Object726,Instance1,572,-45,50,0.32,Instance2,572,-33,50,0.68
Object727,Instance1,398,-36,160,0.09,Instance2,398,-43,160,0.91
Object728,Instance1,94,-31,140,0.56,Instance2,94,-43,140,0.44
Object729,Instance1,310,-16,20,0.42,Instance2,310,-2,20,0.58
Object730,Instance1,26,-27,70,0.42,Instance2,26,-3,70,0.58
Object731,Instance1,530,-43,160,0.82,Instance2,530,-11,160,0.18
Object732,Instance1,702,-11,30,0.28,Instance2,702,-18,30,0.72
Object733,Instance1,715,-11,50,0.38,Instance2,715,-6,50,0.62
Object734,Instance1,968,-48,60,0.58,Instance2,968,-30,60,0.42
Object735,Instance1,206,-31,40,0.48,Instance2,206,-39,40,0.52
Object736,Instance1,867,-50,70,0.3,Instance2,867,-13,70,0.7
Object737,Instance1,41,-35,20,0.03,Instance2,41,-50,20,0.97
Object738,Instance1,506,-8,180,0.75,Instance2,506,-4,180,0.25
Object739,Instance1,639,-9,120,0.38,Instance2,639,-17,120,0.62
Object740,Instance1,355,-33,100,0.51,Instance2,355,-21,100,0.49
Object741,Instance1,84,-17,190,0.35,Instance2,84,-40,190,0.65
Object742,Instance1,554,-5,30,0.81,Instance2,554,-45,30,0.19
Object743,Instance1,218,-25,20,0.37,Instance2,218,-41,20,0.63
Object744,Instance1,541,-48,200,0.46,Instance2,541,-12,200,0.54
Object745,Instance1,48,-19,200,0.55,Instance2,48,-49,200,0.45
Object746,Instance1,45,-48,80,0.12,Instance2,45,-4,80,0.88
Object747,Instance1,258,-4,70,0.36,Instance2,258,-28,70,0.64
Object748,Instance1,298,-8,80,0.84,Instance2,298,-9,80,0.16
Object749,Instance1,924,-4,150,0.99,Instance2,924,-30,150,0.01
Object750,Instance1,321,-20,60,0.14,Instance2,321,-39,60,0.86
Object751,Instance1,125,-45,100,0.7,Instance2,125,-5,100,0.3
Object752,Instance1,287,-1,90,1.0,Instance2,287,-3,90,0.0
Object753,Instance1,23,-47,20,0.7,Instance2,23,-25,20,0.3
Object754,Instance1,544,-1,90,0.38,Instance2,544,-12,90,0.62
Object755,Instance1,586,-18,90,0.68,Instance2,586,-50,90,0.32
Object756,Instance1,119,-40,120,0.06,Instance2,119,-2,120,0.94
Object757,Instance1,867,-5,60,0.42,Instance2,867,-29,60,0.58
Object758,Instance1,954,-28,200,0.99,Instance2,954,-24,200,0.01
Object759,Instance1,155,-39,120,0.13,Instance2,155,-35,120,0.87
Object760,Instance1,160,-1,90,0.59,Instance2,160,-46,90,0.41
Object761,Instance1,725,-35,80,0.3,Instance2,725,-37,80,0.7
Object762,Instance1,897,-5,70,0.08,Instance2,897,-17,70,0.92
Object763,Instance1,786,-26,30,0.35,Instance2,786,-41,30,0.65
Object764,Instance1,719,-16,40,0.65,Instance2,719,-18,40,0.35
Object765,Instance1,923,-5,70,0.14,Instance2,923,-38,70,0.86
Object766,Instance1,601,-13,90,0.32,Instance2,601,-2,90,0.68
Object767,Instance1,105,-8,160,0.32,Instance2,105,-20,160,0.68
Object768,Instance1,640,-42,140,0.74,Instance2,640,-36,140,0.26
Object769,Instance1,171,-4,60,0.6,Instance2,171,-9,60,0.4
Object770,Instance1,994,-27,130,0.56,Instance2,994,-41,130,0.44
Object771,Instance1,160,-23,180,0.19,Instance2,160,-36,180,0.81
Object772,Instance1,280,-39,160,0.22,Instance2,280,-34,160,0.78
Object773,Instance1,306,-24,20,0.36,Instance2,306,-5,20,0.64
Object774,Instance1,612,-8,120,0.87,Instance2,612,-23,120,0.13
Object775,Instance1,563,-50,150,0.18,Instance2,563,-12,150,0.82
Object776,Instance1,78,-32,90,0.75,Instance2,78,-3,90,0.25
Object777,Instance1,694,-16,70,0.5,Instance2,694,-44,70,0.5
Object778,Instance1,280,-46,200,0.42,Instance2,280,-8,200,0.58
Object779,Instance1,195,-32,10,0.35,Instance2,195,-3,10,0.65
Object780,Instance1,251,-28,40,0.0,Instance2,251,-44,40,1.0
Object781,Instance1,491,-21,180,0.43,Instance2,491,-3,180,0.57
Object782,Instance1,54,-14,200,0.63,Instance2,54,-33,200,0.37
Object783,Instance1,529,-8,130,0.67,Instance2,529,-20,130,0.33
Object784,Instance1,365,-43,200,0.47,Instance2,365,-29,200,0.53
Object785,Instance1,954,-50,150,0.87,Instance2,954,-30,150,0.13
Object786,Instance1,791,-43,90,0.12,Instance2,791,-44,90,0.88
Object787,Instance1,395,-25,180,0.84,Instance2,395,-15,180,0.16
Object788,Instance1,483,-5,170,0.99,Instance2,483,-26,170,0.01
Object789,Instance1,832,-34,130,0.37,Instance2,832,-17,130,0.63
Object790,Instance1,284,-27,150,0.97,Instance2,284,-44,150,0.03
Object791,Instance1,998,-20,70,0.99,Instance2,998,-23,70,0.01
Object792,Instance1,508,-18,100,0.22,Instance2,508,-23,100,0.78
Object793,Instance1,121,-15,140,0.81,Instance2,121,-16,140,0.19
Object794,Instance1,260,-10,180,0.86,Instance2,260,-5,180,0.14
Object795,Instance1,752,-45,70,0.25,Instance2,752,-37,70,0.75
Object796,Instance1,760,-46,180,0.27,Instance2,760,-8,180,0.73
Object797,Instance1,671,-49,50,0.52,Instance2,671,-35,50,0.48
Object798,Instance1,837,-50,70,0.93,Instance2,837,-31,70,0.07
Object799,Instance1,101,-16,10,0.63,Instance2,101,-19,10,0.37
Object800,Instance1,392,-40,160,0.21,Instance2,392,-6,160,0.79
Object801,Instance1,89,-32,110,0.73,Instance2,89,-26,110,0.27
Object802,Instance1,201,-27,30,0.72,Instance2,201,-8,30,0.28
Object803,Instance1,459,-4,120,0.21,Instance2,459,-47,120,0.79
Object804,Instance1,461,-4,60,0.82,Instance2,461,-28,60,0.18
Object805,Instance1,718,-49,90,0.6,Instance2,718,-28,90,0.4
Object806,Instance1,753,-40,10,0.87,Instance2,753,-27,10,0.13
Object807,Instance1,58,-8,40,0.9,Instance2,58,-37,40,0.1
Object808,Instance1,299,-20,100,0.16,Instance2,299,-23,100,0.84
Object809,Instance1,569,-22,20,0.09,Instance2,569,-10,20,0.91
Object810,Instance1,672,-39,10,0.91,Instance2,672,-38,10,0.09
Object811,Instance1,643,-11,80,0.08,Instance2,643,-44,80,0.92
Object812,Instance1,176,-37,50,0.87,Instance2,176,-17,50,0.13
Object813,Instance1,67,-36,190,0.27,Instance2,67,-49,190,0.73
Object814,Instance1,729,-34,10,0.9,Instance2,729,-9,10,0.1
Object815,Instance1,450,-21,100,0.13,Instance2,450,-48,100,0.87
Object816,Instance1,698,-38,50,0.47,Instance2,698,-44,50,0.53
Object817,Instance1,305,-35,160,0.54,Instance2,305,-32,160,0.46
Object818,Instance1,175,-28,70,0.92,Instance2,175,-8,70,0.08
Object819,Instance1,248,-2,160,0.13,Instance2,248,-24,160,0.87
Object820,Instance1,625,-18,100,0.62,Instance2,625,-33,100,0.38
Object821,Instance1,489,-7,50,0.72,Instance2,489,-26,50,0.28
Object822,Instance1,390,-25,140,0.96,Instance2,390,-50,140,0.04
Object823,Instance1,604,-47,150,0.47,Instance2,604,-26,150,0.53
Object824,Instance1,431,-7,60,0.34,Instance2,431,-48,60,0.66
Object825,Instance1,229,-12,100,0.1,Instance2,229,-43,100,0.9
Object826,Instance1,963,-12,130,0.11,Instance2,963,-20,130,0.89
Object827,Instance1,11,-6,90,0.51,Instance2,11,-2,90,0.49
Object828,Instance1,792,-16,170,0.1,Instance2,792,-36,170,0.9
Object829,Instance1,518,-15,120,0.71,Instance2,518,-38,120,0.29
Object830,Instance1,513,-30,60,0.68,Instance2,513,-31,60,0.32
Object831,Instance1,962,-50,50,0.99,Instance2,962,-46,50,0.01
Object832,Instance1,180,-16,110,0.4,Instance2,180,-36,110,0.6
Object833,Instance1,149,-4,190,0.16,Instance2,149,-45,190,0.84
Object834,Instance1,955,-27,60,0.56,Instance2,955,-21,60,0.44
Object835,Instance1,867,-45,40,0.52,Instance2,867,-39,40,0.48
Object836,Instance1,592,-15,170,0.63,Instance2,592,-12,170,0.37
Object837,Instance1,885,-13,40,0.39,Instance2,885,-43,40,0.61
Object838,Instance1,10,-12,70,0.62,Instance2,10,-29,70,0.38
Object839,Instance1,929,-3,30,0.41,Instance2,929,-28,30,0.59
Object840,Instance1,724,-26,20,0.45,Instance2,724,-21,20,0.55
Object841,Instance1,942,-17,10,0.82,Instance2,942,-43,10,0.18
Object842,Instance1,45,-38,150,0.37,Instance2,45,-8,150,0.63
Object843,Instance1,320,-29,60,0.91,Instance2,320,-14,60,0.09
Object844,Instance1,305,-23,60,0.15,Instance2,305,-26,60,0.85
Object845,Instance1,129,-46,50,0.97,Instance2,129,-27,50,0.03
Object846,Instance1,781,-11,10,0.72,Instance2,781,-49,10,0.28
Object847,Instance1,144,-29,90,0.03,Instance2,144,-18,90,0.97
Object848,Instance1,52,-31,180,0.59,Instance2,52,-22,180,0.41
Object849,Instance1,133,-47,50,0.31,Instance2,133,-26,50,0.69
Object850,Instance1,885,-17,10,0.0,Instance2,885,-38,10,1.0
Object851,Instance1,379,-12,30,0.04,Instance2,379,-46,30,0.96
Object852,Instance1,847,-43,30,0.46,Instance2,847,-11,30,0.54
Object853,Instance1,513,-17,100,0.01,Instance2,513,-40,100,0.99
Object854,Instance1,93,-2,70,0.18,Instance2,93,-17,70,0.82
Object855,Instance1,717,-12,170,0.98,Instance2,717,-2,170,0.02
Object856,Instance1,8,-10,130,0.01,Instance2,8,-17,130,0.99
Object857,Instance1,588,-26,20,0.86,Instance2,588,-16,20,0.14
Object858,Instance1,249,-23,70,0.04,Instance2,249,-48,70,0.96
Object859,Instance1,849,-45,90,0.56,Instance2,849,-8,90,0.44
Object860,Instance1,305,-36,100,0.06,Instance2,305,-15,100,0.94
Object861,Instance1,431,-22,50,0.87,Instance2,431,-1,50,0.13
Object862,Instance1,449,-36,60,0.72,Instance2,449,-30,60,0.28
Object863,Instance1,798,-37,50,0.81,Instance2,798,-41,50,0.19
Object864,Instance1,11,-10,20,0.86,Instance2,11,-29,20,0.14
Object865,Instance1,298,-48,150,0.73,Instance2,298,-28,150,0.27
Object866,Instance1,11,-44,180,0.86,Instance2,11,-20,180,0.14
Object867,Instance1,640,-30,30,0.52,Instance2,640,-22,30,0.48
Object868,Instance1,188,-11,120,0.57,Instance2,188,-49,120,0.43
Object869,Instance1,1,-29,180,0.76,Instance2,1,-24,180,0.24
Object870,Instance1,695,-5,30,0.31,Instance2,695,-44,30,0.69
Object871,Instance1,581,-43,180,0.44,Instance2,581,-15,180,0.56
Object872,Instance1,797,-23,10,0.75,Instance2,797,-43,10,0.25
Object873,Instance1,445,-24,140,0.44,Instance2,445,-22,140,0.56
Object874,Instance1,337,-2,80,0.82,Instance2,337,-36,80,0.18
Object875,Instance1,574,-45,130,0.37,Instance2,574,-48,130,0.63
Object876,Instance1,374,-11,200,0.17,Instance2,374,-22,200,0.83
Object877,Instance1,340,-31,20,0.63,Instance2,340,-37,20,0.37
Object878,Instance1,825,-15,180,0.73,Instance2,825,-31,180,0.27
Object879,Instance1,215,-50,120,0.67,Instance2,215,-32,120,0.33
Object880,Instance1,881,-6,130,0.07,Instance2,881,-15,130,0.93
Object881,Instance1,593,-34,100,0.94,Instance2,593,-43,100,0.06
Object882,Instance1,455,-45,90,0.89,Instance2,455,-36,90,0.11
Object883,Instance1,67,-6,100,0.2,Instance2,67,-42,100,0.8
Object884,Instance1,560,-21,20,0.2,Instance2,560,-27,20,0.8
Object885,Instance1,843,-45,120,0.44,Instance2,843,-38,120,0.56
Object886,Instance1,131,-8,140,0.93,Instance2,131,-15,140,0.07
Object887,Instance1,27,-14,130,0.26,Instance2,27,-47,130,0.74
Object888,Instance1,294,-25,180,0.9,Instance2,294,-41,180,0.1
Object889,Instance1,606,-23,60,0.55,Instance2,606,-48,60,0.45
Object890,Instance1,456,-24,40,0.36,Instance2,456,-46,40,0.64
Object891,Instance1,867,-17,10,0.56,Instance2,867,-31,10,0.44
Object892,Instance1,255,-26,190,0.55,Instance2,255,-3,190,0.45
Object893,Instance1,821,-38,170,0.76,Instance2,821,-20,170,0.24
Object894,Instance1,57,-35,140,0.42,Instance2,57,-32,140,0.58
Object895,Instance1,531,-26,100,0.53,Instance2,531,-19,100,0.47
Object896,Instance1,788,-46,50,0.86,Instance2,788,-3,50,0.14
Object897,Instance1,56,-41,190,0.39,Instance2,56,-11,190,0.61
Object898,Instance1,974,-22,130,0.31,Instance2,974,-7,130,0.69
Object899,Instance1,950,-9,180,0.47,Instance2,950,-25,180,0.53
Object900,Instance1,562,-4,140,0.87,Instance2,562,-45,140,0.13
Object901,Instance1,783,-13,120,0.74,Instance2,783,-18,120,0.26
Object902,Instance1,708,-42,190,0.66,Instance2,708,-7,190,0.34
Object903,Instance1,155,-10,120,0.46,Instance2,155,-14,120,0.54
Object904,Instance1,648,-45,90,0.36,Instance2,648,-2,90,0.64
Object905,Instance1,406,-47,110,0.86,Instance2,406,-27,110,0.14
Object906,Instance1,856,-7,20,0.37,Instance2,856,-2,20,0.63
Object907,Instance1,564,-40,120,0.81,Instance2,564,-28,120,0.19
Object908,Instance1,164,-18,130,0.45,Instance2,164,-14,130,0.55
Object909,Instance1,312,-17,20,0.61,Instance2,312,-25,20,0.39
Object910,Instance1,922,-43,80,0.93,Instance2,922,-29,80,0.07
Object911,Instance1,954,-38,200,0.93,Instance2,954,-31,200,0.07
Object912,Instance1,314,-46,120,0.11,Instance2,314,-49,120,0.89
Object913,Instance1,505,-44,20,0.06,Instance2,505,-25,20,0.94
Object914,Instance1,194,-24,170,0.69,Instance2,194,-37,170,0.31
Object915,Instance1,642,-32,40,0.69,Instance2,642,-23,40,0.31
Object916,Instance1,879,-47,50,0.62,Instance2,879,-30,50,0.38
Object917,Instance1,141,-8,200,0.53,Instance2,141,-9,200,0.47
Object918,Instance1,302,-21,100,0.8,Instance2,302,-10,100,0.2
Object919,Instance1,240,-27,60,0.13,Instance2,240,-32,60,0.87
Object920,Instance1,782,-9,50,0.06,Instance2,782,-46,50,0.94
Object921,Instance1,531,-27,140,0.81,Instance2,531,-14,140,0.19
Object922,Instance1,704,-49,50,0.42,Instance2,704,-5,50,0.58
Object923,Instance1,929,-10,80,0.26,Instance2,929,-13,80,0.74
Object924,Instance1,53,-23,20,0.02,Instance2,53,-4,20,0.98
Object925,Instance1,31,-33,50,0.06,Instance2,31,-24,50,0.94
Object926,Instance1,187,-3,140,0.11,Instance2,187,-45,140,0.89
Object927,Instance1,572,-23,130,0.67,Instance2,572,-20,130,0.33
Object928,Instance1,651,-4,20,0.95,Instance2,651,-29,20,0.05
Object929,Instance1,109,-44,20,0.38,Instance2,109,-13,20,0.62
Object930,Instance1,332,-10,20,0.91,Instance2,332,-4,20,0.09
Object931,Instance1,450,-7,120,0.33,Instance2,450,-18,120,0.67
Object932,Instance1,443,-30,40,0.55,Instance2,443,-23,40,0.45
Object933,Instance1,293,-37,130,0.63,Instance2,293,-24,130,0.37
Object934,Instance1,510,-7,130,0.83,Instance2,510,-18,130,0.17
Object935,Instance1,151,-49,170,0.71,Instance2,151,-4,170,0.29
Object936,Instance1,452,-41,140,0.6,Instance2,452,-37,140,0.4
Object937,Instance1,50,-38,130,0.74,Instance2,50,-18,130,0.26
Object938,Instance1,671,-45,20,0.22,Instance2,671,-43,20,0.78
Object939,Instance1,834,-42,100,0.68,Instance2,834,-26,100,0.32
Object940,Instance1,652,-25,130,0.01,Instance2,652,-30,130,0.99
Object941,Instance1,668,-30,110,0.66,Instance2,668,-27,110,0.34
Object942,Instance1,947,-18,90,0.9,Instance2,947,-46,90,0.1
Object943,Instance1,45,-35,160,0.25,Instance2,45,-35,160,0.75
Object944,Instance1,756,-41,110,0.56,Instance2,756,-35,110,0.44
Object945,Instance1,782,-2,150,0.77,Instance2,782,-43,150,0.23
Object946,Instance1,687,-1,150,0.01,Instance2,687,-39,150,0.99
Object947,Instance1,231,-13,60,0.35,Instance2,231,-47,60,0.65
Object948,Instance1,370,-39,70,0.49,Instance2,370,-43,70,0.51
Object949,Instance1,245,-29,70,0.11,Instance2,245,-2,70,0.89
Object950,Instance1,716,-25,200,0.98,Instance2,716,-24,200,0.02
Object951,Instance1,47,-28,60,0.28,Instance2,47,-24,60,0.72
Object952,Instance1,733,-7,160,0.89,Instance2,733,-50,160,0.11
Object953,Instance1,167,-16,40,0.52,Instance2,167,-11,40,0.48
Object954,Instance1,362,-9,120,0.22,Instance2,362,-24,120,0.78
Object955,Instance1,486,-17,70,0.43,Instance2,486,-50,70,0.57
Object956,Instance1,451,-36,40,0.4,Instance2,451,-14,40,0.6
Object957,Instance1,490,-27,30,0.76,Instance2,490,-1,30,0.24
Object958,Instance1,607,-36,110,0.2,Instance2,607,-23,110,0.8
Object959,Instance1,779,-41,70,0.2,Instance2,779,-5,70,0.8
Object960,Instance1,584,-35,160,0.96,Instance2,584,-46,160,0.04
Object961,Instance1,264,-25,160,0.25,Instance2,264,-50,160,0.75
Object962,Instance1,78,-33,190,0.41,Instance2,78,-48,190,0.59
Object963,Instance1,602,-11,30,0.31,Instance2,602,-21,30,0.69
Object964,Instance1,70,-43,20,0.13,Instance2,70,-27,20,0.87
Object965,Instance1,718,-45,190,0.69,Instance2,718,-49,190,0.31
Object966,Instance1,846,-20,150,0.46,Instance2,846,-39,150,0.54
Object967,Instance1,72,-48,10,0.5,Instance2,72,-47,10,0.5
Object968,Instance1,219,-42,160,0.45,Instance2,219,-9,160,0.55
Object969,Instance1,114,-36,190,0.07,Instance2,114,-34,190,0.93
Object970,Instance1,532,-20,100,0.0,Instance2,532,-19,100,1.0
Object971,Instance1,695,-27,30,0.36,Instance2,695,-45,30,0.64
Object972,Instance1,216,-2,200,0.13,Instance2,216,-2,200,0.87
Object973,Instance1,674,-20,140,0.44,Instance2,674,-17,140,0.56
Object974,Instance1,179,-24,50,0.09,Instance2,179,-22,50,0.91
Object975,Instance1,851,-47,130,0.68,Instance2,851,-17,130,0.32
Object976,Instance1,382,-1,70,0.83,Instance2,382,-5,70,0.17
Object977,Instance1,414,-18,40,0.2,Instance2,414,-24,40,0.8
Object978,Instance1,716,-34,90,0.05,Instance2,716,-22,90,0.95
Object979,Instance1,761,-25,130,0.73,Instance2,761,-21,130,0.27
Object980,Instance1,168,-46,180,0.68,Instance2,168,-43,180,0.32
Object981,Instance1,791,-19,150,0.56,Instance2,791,-41,150,0.44
Object982,Instance1,668,-14,10,0.02,Instance2,668,-7,10,0.98
Object983,Instance1,248,-44,60,0.09,Instance2,248,-4,60,0.91
Object984,Instance1,236,-22,110,0.23,Instance2,236,-14,110,0.77
Object985,Instance1,473,-2,150,0.81,Instance2,473,-33,150,0.19
Object986,Instance1,509,-35,200,0.66,Instance2,509,-41,200,0.34
Object987,Instance1,828,-41,40,0.1,Instance2,828,-30,40,0.9
Object988,Instance1,788,-30,100,0.41,Instance2,788,-10,100,0.59
Object989,Instance1,956,-50,30,0.9,Instance2,956,-11,30,0.1
Object990,Instance1,929,-15,90,0.79,Instance2,929,-17,90,0.21
Object991,Instance1,493,-19,150,0.01,Instance2,493,-26,150,0.99
Object992,Instance1,330,-6,180,0.41,Instance2,330,-33,180,0.59
Object993,Instance1,830,-39,60,0.69,Instance2,830,-34,60,0.31
Object994,Instance1,975,-41,130,0.42,Instance2,975,-48,130,0.58
Object995,Instance1,820,-31,130,0.16,Instance2,820,-38,130,0.84
Object996,Instance1,391,-15,160,0.79,Instance2,391,-12,160,0.21
Object997,Instance1,604,-7,180,0.16,Instance2,604,-36,180,0.84
Object998,Instance1,807,-43,140,0.97,Instance2,807,-3,140,0.03
Object999,Instance1,546,-41,130,0.3,Instance2,546,-45,130,0.7
Object1000,Instance1,628,-18,20,0.74,Instance2,628,-22,20,0.26
Object1001,Instance1,347,-24,180,0.82,Instance2,347,-19,180,0.18
Object1002,Instance1,678,-19,160,0.14,Instance2,678,-28,160,0.86
Object1003,Instance1,448,-8,150,0.9,Instance2,448,-50,150,0.1
Object1004,Instance1,40,-18,40,0.63,Instance2,40,-42,40,0.37
Object1005,Instance1,669,-12,180,0.91,Instance2,669,-36,180,0.09
Object1006,Instance1,699,-28,100,0.34,Instance2,699,-26,100,0.66
Object1007,Instance1,681,-36,190,0.15,Instance2,681,-44,190,0.85
Object1008,Instance1,142,-23,90,0.5,Instance2,142,-4,90,0.5
Object1009,Instance1,431,-41,130,0.41,Instance2,431,-44,130,0.59
Object1010,Instance1,882,-34,150,0.97,Instance2,882,-6,150,0.03
Object1011,Instance1,343,-37,40,0.89,Instance2,343,-19,40,0.11
Object1012,Instance1,273,-8,100,0.91,Instance2,273,-31,100,0.09
Object1013,Instance1,682,-40,30,0.08,Instance2,682,-30,30,0.92
Object1014,Instance1,176,-15,90,0.17,Instance2,176,-34,90,0.83
Object1015,Instance1,120,-41,190,0.12,Instance2,120,-47,190,0.88
Object1016,Instance1,465,-8,130,0.17,Instance2,465,-41,130,0.83
Object1017,Instance1,22,-16,50,0.59,Instance2,22,-12,50,0.41
Object1018,Instance1,523,-32,20,0.13,Instance2,523,-28,20,0.87
Object1019,Instance1,685,-46,100,0.92,Instance2,685,-20,100,0.08
Object1020,Instance1,117,-18,60,0.0,Instance2,117,-33,60,1.0
Object1021,Instance1,969,-47,120,0.78,Instance2,969,-3,120,0.22
Object1022,Instance1,82,-29,190,0.01,Instance2,82,-42,190,0.99
Object1023,Instance1,247,-3,150,0.47,Instance2,247,-14,150,0.53
Object1024,Instance1,716,-28,80,0.78,Instance2,716,-18,80,0.22
Object1025,Instance1,468,-33,50,0.33,Instance2,468,-9,50,0.67
Object1026,Instance1,224,-37,190,0.67,Instance2,224,-21,190,0.33
Object1027,Instance1,934,-45,150,1.0,Instance2,934,-5,150,0.0
Object1028,Instance1,408,-38,10,0.22,Instance2,408,-16,10,0.78
Object1029,Instance1,783,-5,60,0.04,Instance2,783,-47,60,0.96
Object1030,Instance1,401,-7,10,0.68,Instance2,401,-29,10,0.32
Object1031,Instance1,454,-14,60,0.55,Instance2,454,-46,60,0.45
Object1032,Instance1,832,-20,20,0.08,Instance2,832,-8,20,0.92
Object1033,Instance1,281,-43,180,0.02,Instance2,281,-8,180,0.98
Object1034,Instance1,624,-49,50,0.64,Instance2,624,-16,50,0.36
Object1035,Instance1,376,-44,60,0.63,Instance2,376,-23,60,0.37
Object1036,Instance1,769,-9,20,0.0,Instance2,769,-17,20,1.0
Object1037,Instance1,175,-23,90,0.92,Instance2,175,-43,90,0.08
Object1038,Instance1,575,-46,200,0.28,Instance2,575,-4,200,0.72
Object1039,Instance1,229,-28,200,0.87,Instance2,229,-36,200,0.13
Object1040,Instance1,882,-27,200,0.8,Instance2,882,-31,200,0.2
Object1041,Instance1,99,-46,190,0.62,Instance2,99,-6,190,0.38
Object1042,Instance1,349,-18,110,0.02,Instance2,349,-11,110,0.98
Object1043,Instance1,800,-36,200,0.7,Instance2,800,-11,200,0.3
Object1044,Instance1,63,-23,70,0.13,Instance2,63,-16,70,0.87
Object1045,Instance1,297,-49,20,0.86,Instance2,297,-12,20,0.14
Object1046,Instance1,55,-25,60,0.62,Instance2,55,-15,60,0.38
Object1047,Instance1,455,-39,170,0.47,Instance2,455,-38,170,0.53
Object1048,Instance1,980,-9,20,0.7,Instance2,980,-5,20,0.3
Object1049,Instance1,218,-13,20,0.37,Instance2,218,-4,20,0.63
Object1050,Instance1,923,-17,20,0.91,Instance2,923,-49,20,0.09
Object1051,Instance1,125,-33,120,0.74,Instance2,125,-16,120,0.26
Object1052,Instance1,479,-47,180,0.94,Instance2,479,-35,180,0.06
Object1053,Instance1,551,-12,190,0.09,Instance2,551,-13,190,0.91
Object1054,Instance1,802,-37,160,0.51,Instance2,802,-5,160,0.49
Object1055,Instance1,197,-50,100,0.01,Instance2,197,-42,100,0.99
Object1056,Instance1,535,-32,40,0.77,Instance2,535,-26,40,0.23
Object1057,Instance1,346,-42,90,0.07,Instance2,346,-5,90,0.93
Object1058,Instance1,333,-14,60,0.98,Instance2,333,-34,60,0.02
Object1059,Instance1,712,-50,110,0.41,Instance2,712,-41,110,0.59
Object1060,Instance1,689,-47,160,0.82,Instance2,689,-49,160,0.18
Object1061,Instance1,544,-29,50,0.54,Instance2,544,-8,50,0.46
Object1062,Instance1,411,-49,130,0.34,Instance2,411,-32,130,0.66
Object1063,Instance1,537,-28,120,0.35,Instance2,537,-24,120,0.65
Object1064,Instance1,479,-21,90,0.14,Instance2,479,-50,90,0.86
Object1065,Instance1,85,-39,60,0.23,Instance2,85,-43,60,0.77
Object1066,Instance1,938,-4,90,0.5,Instance2,938,-40,90,0.5
Object1067,Instance1,388,-41,130,0.82,Instance2,388,-45,130,0.18
Object1068,Instance1,478,-12,50,0.97,Instance2,478,-15,50,0.03
Object1069,Instance1,584,-1,120,0.65,Instance2,584,-5,120,0.35
Object1070,Instance1,939,-11,90,0.14,Instance2,939,-4,90,0.86
Object1071,Instance1,284,-3,90,0.01,Instance2,284,-32,90,0.99
Object1072,Instance1,715,-15,130,0.58,Instance2,715,-1,130,0.42
Object1073,Instance1,94,-4,110,0.61,Instance2,94,-29,110,0.39
Object1074,Instance1,494,-29,90,0.36,Instance2,494,-32,90,0.64
Object1075,Instance1,896,-41,40,0.83,Instance2,896,-42,40,0.17
Object1076,Instance1,383,-12,30,0.45,Instance2,383,-48,30,0.55
Object1077,Instance1,830,-39,80,0.94,Instance2,830,-3,80,0.06
Object1078,Instance1,790,-36,110,0.51,Instance2,790,-40,110,0.49
Object1079,Instance1,620,-14,50,0.76,Instance2,620,-15,50,0.24
Object1080,Instance1,89,-11,120,0.67,Instance2,89,-43,120,0.33
Object1081,Instance1,837,-9,80,0.61,Instance2,837,-8,80,0.39
Object1082,Instance1,315,-7,50,0.2,Instance2,315,-2,50,0.8
Object1083,Instance1,151,-13,30,0.92,Instance2,151,-15,30,0.08
Object1084,Instance1,335,-42,150,0.89,Instance2,335,-2,150,0.11
Object1085,Instance1,420,-11,190,0.43,Instance2,420,-32,190,0.57
Object1086,Instance1,329,-30,30,0.34,Instance2,329,-42,30,0.66
Object1087,Instance1,304,-34,100,0.61,Instance2,304,-3,100,0.39
Object1088,Instance1,686,-20,190,0.1,Instance2,686,-14,190,0.9
Object1089,Instance1,226,-30,130,0.84,Instance2,226,-25,130,0.16
Object1090,Instance1,589,-15,80,0.49,Instance2,589,-7,80,0.51
Object1091,Instance1,987,-7,90,0.84,Instance2,987,-19,90,0.16
Object1092,Instance1,594,-43,150,0.55,Instance2,594,-45,150,0.45
Object1093,Instance1,665,-34,110,0.35,Instance2,665,-15,110,0.65
Object1094,Instance1,576,-24,180,0.74,Instance2,576,-9,180,0.26
Object1095,Instance1,387,-17,50,0.64,Instance2,387,-8,50,0.36
Object1096,Instance1,769,-39,20,0.23,Instance2,769,-47,20,0.77
Object1097,Instance1,600,-19,190,0.57,Instance2,600,-2,190,0.43
Object1098,Instance1,813,-18,140,0.16,Instance2,813,-19,140,0.84
Object1099,Instance1,186,-26,200,0.5,Instance2,186,-1,200,0.5
Object1100,Instance1,952,-28,170,0.95,Instance2,952,-3,170,0.05
Object1101,Instance1,471,-12,100,0.52,Instance2,471,-14,100,0.48
Object1102,Instance1,457,-15,200,0.57,Instance2,457,-42,200,0.43
Object1103,Instance1,516,-45,190,0.54,Instance2,516,-38,190,0.46
Object1104,Instance1,235,-36,80,0.32,Instance2,235,-26,80,0.68
Object1105,Instance1,815,-31,190,0.6,Instance2,815,-9,190,0.4
Object1106,Instance1,281,-34,170,0.23,Instance2,281,-34,170,0.77
Object1107,Instance1,126,-49,200,0.62,Instance2,126,-41,200,0.38
Object1108,Instance1,18,-36,120,0.44,Instance2,18,-6,120,0.56
Object1109,Instance1,6,-20,180,0.09,Instance2,6,-8,180,0.91
Object1110,Instance1,389,-35,40,0.44,Instance2,389,-31,40,0.56
Object1111,Instance1,309,-24,170,0.84,Instance2,309,-39,170,0.16
Object1112,Instance1,63,-33,200,0.87,Instance2,63,-24,200,0.13
Object1113,Instance1,611,-6,40,0.03,Instance2,611,-9,40,0.97
Object1114,Instance1,524,-38,100,0.15,Instance2,524,-23,100,0.85
Object1115,Instance1,413,-49,130,0.56,Instance2,413,-50,130,0.44
Object1116,Instance1,897,-42,190,0.7,Instance2,897,-33,190,0.3
Object1117,Instance1,641,-34,80,0.03,Instance2,641,-42,80,0.97
Object1118,Instance1,734,-5,200,0.3,Instance2,734,-16,200,0.7
Object1119,Instance1,635,-4,60,0.42,Instance2,635,-9,60,0.58
Object1120,Instance1,790,-22,110,0.51,Instance2,790,-13,110,0.49
Object1121,Instance1,744,-21,70,0.99,Instance2,744,-2,70,0.01
Object1122,Instance1,364,-6,150,0.89,Instance2,364,-24,150,0.11
Object1123,Instance1,358,-19,200,0.63,Instance2,358,-14,200,0.37
Object1124,Instance1,792,-25,150,0.16,Instance2,792,-23,150,0.84
Object1125,Instance1,629,-46,30,0.64,Instance2,629,-29,30,0.36
Object1126,Instance1,888,-17,120,0.41,Instance2,888,-29,120,0.59
Object1127,Instance1,87,-33,190,0.87,Instance2,87,-2,190,0.13
Object1128,Instance1,173,-17,60,0.42,Instance2,173,-16,60,0.58
Object1129,Instance1,670,-3,50,0.4,Instance2,670,-5,50,0.6
Object1130,Instance1,861,-37,70,0.47,Instance2,861,-15,70,0.53
Object1131,Instance1,94,-47,70,0.27,Instance2,94,-19,70,0.73
Object1132,Instance1,833,-4,70,0.62,Instance2,833,-38,70,0.38
Object1133,Instance1,993,-2,60,0.88,Instance2,993,-3,60,0.12
Object1134,Instance1,694,-6,80,0.62,Instance2,694,-18,80,0.38
Object1135,Instance1,21,-21,50,0.82,Instance2,21,-21,50,0.18
Object1136,Instance1,111,-5,100,0.51,Instance2,111,-1,100,0.49
Object1137,Instance1,86,-15,70,0.12,Instance2,86,-23,70,0.88
Object1138,Instance1,149,-29,30,0.11,Instance2,149,-25,30,0.89
Object1139,Instance1,719,-1,120,0.62,Instance2,719,-2,120,0.38
Object1140,Instance1,427,-19,180,0.6,Instance2,427,-14,180,0.4
Object1141,Instance1,177,-14,130,0.55,Instance2,177,-17,130,0.45
Object1142,Instance1,327,-49,100,0.84,Instance2,327,-44,100,0.16
Object1143,Instance1,599,-10,90,0.81,Instance2,599,-28,90,0.19
Object1144,Instance1,821,-43,150,0.28,Instance2,821,-24,150,0.72
Object1145,Instance1,58,-23,160,0.18,Instance2,58,-10,160,0.82
Object1146,Instance1,173,-25,120,0.66,Instance2,173,-9,120,0.34
Object1147,Instance1,878,-13,140,0.84,Instance2,878,-41,140,0.16
Object1148,Instance1,531,-28,50,0.54,Instance2,531,-44,50,0.46
Object1149,Instance1,128,-49,10,0.22,Instance2,128,-5,10,0.78
Object1150,Instance1,150,-7,60,0.61,Instance2,150,-1,60,0.39
Object1151,Instance1,102,-31,80,0.41,Instance2,102,-37,80,0.59
Object1152,Instance1,569,-8,130,0.96,Instance2,569,-38,130,0.04
Object1153,Instance1,661,-5,150,0.46,Instance2,661,-23,150,0.54
Object1154,Instance1,697,-16,180,0.96,Instance2,697,-37,180,0.04
Object1155,Instance1,407,-2,120,0.48,Instance2,407,-16,120,0.52
Object1156,Instance1,295,-29,150,0.28,Instance2,295,-33,150,0.72
Object1157,Instance1,506,-7,50,0.89,Instance2,506,-27,50,0.11
Object1158,Instance1,930,-37,80,0.76,Instance2,930,-42,80,0.24
Object1159,Instance1,616,-39,10,0.26,Instance2,616,-48,10,0.74
Object1160,Instance1,755,-42,20,0.62,Instance2,755,-26,20,0.38
Object1161,Instance1,541,-40,70,0.59,Instance2,541,-3,70,0.41
Object1162,Instance1,531,-30,30,0.97,Instance2,531,-29,30,0.03
Object1163,Instance1,471,-10,140,0.22,Instance2,471,-36,140,0.78
Object1164,Instance1,713,-7,180,0.04,Instance2,713,-8,180,0.96
Object1165,Instance1,252,-23,110,0.02,Instance2,252,-29,110,0.98
Object1166,Instance1,306,-16,200,0.12,Instance2,306,-33,200,0.88
Object1167,Instance1,776,-40,80,0.7,Instance2,776,-26,80,0.3
Object1168,Instance1,230,-2,40,0.81,Instance2,230,-34,40,0.19
Object1169,Instance1,752,-7,150,0.32,Instance2,752,-35,150,0.68
Object1170,Instance1,515,-14,140,0.44,Instance2,515,-31,140,0.56
Object1171,Instance1,511,-1,80,0.32,Instance2,511,-48,80,0.68
Object1172,Instance1,630,-3,160,0.9,Instance2,630,-15,160,0.1
Object1173,Instance1,501,-5,170,0.87,Instance2,501,-28,170,0.13
Object1174,Instance1,512,-30,110,0.12,Instance2,512,-16,110,0.88
Object1175,Instance1,940,-35,10,0.63,Instance2,940,-27,10,0.37
Object1176,Instance1,8,-11,30,0.54,Instance2,8,-16,30,0.46
Object1177,Instance1,691,-48,60,0.15,Instance2,691,-32,60,0.85
Object1178,Instance1,183,-5,150,0.64,Instance2,183,-35,150,0.36
Object1179,Instance1,716,-16,20,0.53,Instance2,716,-8,20,0.47
Object1180,Instance1,955,-4,180,0.8,Instance2,955,-39,180,0.2
Object1181,Instance1,934,-1,60,0.2,Instance2,934,-40,60,0.8
Object1182,Instance1,50,-11,10,0.52,Instance2,50,-4,10,0.48
Object1183,Instance1,438,-6,130,0.56,Instance2,438,-40,130,0.44
Object1184,Instance1,66,-6,170,0.22,Instance2,66,-6,170,0.78
Object1185,Instance1,931,-48,170,0.59,Instance2,931,-8,170,0.41
Object1186,Instance1,531,-32,190,0.35,Instance2,531,-25,190,0.65
Object1187,Instance1,41,-38,80,0.1,Instance2,41,-5,80,0.9
Object1188,Instance1,816,-14,90,0.95,Instance2,816,-40,90,0.05
Object1189,Instance1,164,-10,100,0.86,Instance2,164,-42,100,0.14
Object1190,Instance1,163,-8,40,0.95,Instance2,163,-19,40,0.05
Object1191,Instance1,723,-22,50,0.3,Instance2,723,-4,50,0.7
Object1192,Instance1,212,-34,130,0.63,Instance2,212,-13,130,0.37
Object1193,Instance1,893,-6,110,0.03,Instance2,893,-48,110,0.97
Object1194,Instance1,108,-4,150,0.55,Instance2,108,-17,150,0.45
Object1195,Instance1,471,-41,50,0.95,Instance2,471,-30,50,0.05
Object1196,Instance1,452,-38,50,0.56,Instance2,452,-35,50,0.44
Object1197,Instance1,506,-3,180,0.3,Instance2,506,-33,180,0.7
Object1198,Instance1,631,-24,160,0.94,Instance2,631,-49,160,0.06
Object1199,Instance1,736,-8,40,0.37,Instance2,736,-33,40,0.63
Object1200,Instance1,163,-50,170,0.2,Instance2,163,-26,170,0.8
Object1201,Instance1,28,-3,200,0.67,Instance2,28,-32,200,0.33
Object1202,Instance1,589,-50,60,0.16,Instance2,589,-30,60,0.84
Object1203,Instance1,830,-35,140,0.75,Instance2,830,-3,140,0.25
Object1204,Instance1,22,-25,80,1.0,Instance2,22,-7,80,0.0
Object1205,Instance1,647,-36,110,0.48,Instance2,647,-7,110,0.52
Object1206,Instance1,381,-42,150,0.29,Instance2,381,-6,150,0.71
Object1207,Instance1,909,-26,80,0.9,Instance2,909,-1,80,0.1
Object1208,Instance1,347,-46,30,0.92,Instance2,347,-37,30,0.08
Object1209,Instance1,102,-36,60,0.48,Instance2,102,-23,60,0.52
Object1210,Instance1,674,-10,90,0.41,Instance2,674,-24,90,0.59
Object1211,Instance1,276,-35,50,0.49,Instance2,276,-22,50,0.51
Object1212,Instance1,870,-39,50,0.48,Instance2,870,-10,50,0.52
Object1213,Instance1,162,-21,30,0.68,Instance2,162,-11,30,0.32
Object1214,Instance1,279,-39,10,0.33,Instance2,279,-38,10,0.67
Object1215,Instance1,50,-10,80,0.33,Instance2,50,-1,80,0.67
Object1216,Instance1,862,-31,130,0.26,Instance2,862,-41,130,0.74
Object1217,Instance1,568,-14,120,0.41,Instance2,568,-12,120,0.59
Object1218,Instance1,659,-40,180,0.02,Instance2,659,-29,180,0.98
Object1219,Instance1,795,-47,20,0.7,Instance2,795,-36,20,0.3
Object1220,Instance1,309,-19,100,0.67,Instance2,309,-29,100,0.33
Object1221,Instance1,664,-43,100,0.24,Instance2,664,-29,100,0.76
Object1222,Instance1,458,-23,30,0.11,Instance2,458,-8,30,0.89
Object1223,Instance1,254,-22,100,0.29,Instance2,254,-21,100,0.71
Object1224,Instance1,109,-20,60,0.18,Instance2,109,-3,60,0.82
Object1225,Instance1,230,-17,160,0.77,Instance2,230,-18,160,0.23
Object1226,Instance1,516,-24,60,0.21,Instance2,516,-44,60,0.79
Object1227,Instance1,168,-10,200,0.81,Instance2,168,-34,200,0.19
Object1228,Instance1,324,-18,70,0.87,Instance2,324,-46,70,0.13
Object1229,Instance1,632,-32,10,0.95,Instance2,632,-35,10,0.05
Object1230,Instance1,220,-48,110,0.44,Instance2,220,-34,110,0.56
Object1231,Instance1,947,-20,100,0.91,Instance2,947,-44,100,0.09
Object1232,Instance1,131,-41,30,0.12,Instance2,131,-49,30,0.88
Object1233,Instance1,611,-47,110,0.03,Instance2,611,-50,110,0.97
Object1234,Instance1,423,-33,140,0.57,Instance2,423,-14,140,0.43
Object1235,Instance1,278,-15,140,0.71,Instance2,278,-31,140,0.29
Object1236,Instance1,272,-6,130,0.53,Instance2,272,-35,130,0.47
Object1237,Instance1,178,-12,150,0.22,Instance2,178,-6,150,0.78
Object1238,Instance1,877,-35,130,0.77,Instance2,877,-50,130,0.23
Object1239,Instance1,168,-1,100,0.55,Instance2,168,-22,100,0.45
Object1240,Instance1,933,-24,160,0.16,Instance2,933,-31,160,0.84
Object1241,Instance1,385,-43,50,0.95,Instance2,385,-7,50,0.05
Object1242,Instance1,520,-10,40,0.4,Instance2,520,-12,40,0.6
Object1243,Instance1,488,-8,170,0.23,Instance2,488,-43,170,0.77
Object1244,Instance1,756,-25,50,0.25,Instance2,756,-10,50,0.75
Object1245,Instance1,497,-39,140,0.68,Instance2,497,-38,140,0.32
Object1246,Instance1,448,-44,140,0.62,Instance2,448,-6,140,0.38
Object1247,Instance1,515,-4,70,0.53,Instance2,515,-9,70,0.47
Object1248,Instance1,558,-34,80,0.86,Instance2,558,-13,80,0.14
Object1249,Instance1,874,-4,10,0.85,Instance2,874,-42,10,0.15
Object1250,Instance1,74,-24,180,0.26,Instance2,74,-40,180,0.74
Object1251,Instance1,126,-9,190,0.29,Instance2,126,-25,190,0.71
Object1252,Instance1,843,-46,20,0.97,Instance2,843,-45,20,0.03
Object1253,Instance1,583,-4,50,0.52,Instance2,583,-13,50,0.48
Object1254,Instance1,848,-4,200,0.54,Instance2,848,-24,200,0.46
Object1255,Instance1,627,-27,80,0.78,Instance2,627,-19,80,0.22
Object1256,Instance1,145,-38,160,0.42,Instance2,145,-8,160,0.58
Object1257,Instance1,544,-47,100,0.18,Instance2,544,-43,100,0.82
Object1258,Instance1,89,-24,190,0.35,Instance2,89,-29,190,0.65
Object1259,Instance1,695,-36,90,0.89,Instance2,695,-23,90,0.11
Object1260,Instance1,149,-17,130,0.22,Instance2,149,-42,130,0.78
Object1261,Instance1,252,-31,40,0.63,Instance2,252,-5,40,0.37
Object1262,Instance1,992,-32,50,0.59,Instance2,992,-5,50,0.41
Object1263,Instance1,476,-49,80,0.56,Instance2,476,-37,80,0.44
Object1264,Instance1,156,-8,160,0.47,Instance2,156,-46,160,0.53
Object1265,Instance1,651,-48,150,0.62,Instance2,651,-5,150,0.38
Object1266,Instance1,803,-7,150,0.47,Instance2,803,-36,150,0.53
Object1267,Instance1,882,-33,70,0.71,Instance2,882,-21,70,0.29
Object1268,Instance1,965,-19,30,0.07,Instance2,965,-46,30,0.93
Object1269,Instance1,773,-18,40,0.48,Instance2,773,-32,40,0.52
Object1270,Instance1,520,-12,200,0.61,Instance2,520,-44,200,0.39
Object1271,Instance1,76,-34,100,0.47,Instance2,76,-35,100,0.53
Object1272,Instance1,33,-21,150,0.85,Instance2,33,-45,150,0.15
Object1273,Instance1,119,-45,80,0.02,Instance2,119,-46,80,0.98
Object1274,Instance1,787,-30,30,0.71,Instance2,787,-44,30,0.29
Object1275,Instance1,910,-43,160,0.79,Instance2,910,-4,160,0.21
Object1276,Instance1,542,-13,90,0.81,Instance2,542,-5,90,0.19
Object1277,Instance1,647,-29,180,0.29,Instance2,647,-28,180,0.71
Object1278,Instance1,143,-43,40,0.4,Instance2,143,-48,40,0.6
Object1279,Instance1,699,-31,60,0.57,Instance2,699,-33,60,0.43
Object1280,Instance1,896,-28,80,0.0,Instance2,896,-41,80,1.0
Object1281,Instance1,58,-44,140,0.71,Instance2,58,-2,140,0.29
Object1282,Instance1,29,-45,140,0.74,Instance2,29,-32,140,0.26
Object1283,Instance1,621,-5,40,0.76,Instance2,621,-7,40,0.24
Object1284,Instance1,699,-27,70,0.68,Instance2,699,-10,70,0.32
Object1285,Instance1,190,-40,200,0.76,Instance2,190,-4,200,0.24
Object1286,Instance1,442,-30,10,0.85,Instance2,442,-40,10,0.15
Object1287,Instance1,928,-24,150,0.95,Instance2,928,-20,150,0.05
Object1288,Instance1,90,-35,190,0.73,Instance2,90,-30,190,0.27
Object1289,Instance1,725,-16,30,0.64,Instance2,725,-19,30,0.36
Object1290,Instance1,58,-42,200,0.23,Instance2,58,-24,200,0.77
Object1291,Instance1,353,-6,130,0.71,Instance2,353,-43,130,0.29
Object1292,Instance1,130,-3,110,0.37,Instance2,130,-13,110,0.63
Object1293,Instance1,685,-20,100,0.92,Instance2,685,-13,100,0.08
Object1294,Instance1,207,-18,70,0.0,Instance2,207,-50,70,1.0
Object1295,Instance1,800,-31,200,0.76,Instance2,800,-12,200,0.24
Object1296,Instance1,782,-38,60,0.49,Instance2,782,-20,60,0.51
Object1297,Instance1,386,-5,80,0.72,Instance2,386,-28,80,0.28
Object1298,Instance1,472,-41,80,0.35,Instance2,472,-25,80,0.65
Object1299,Instance1,870,-33,170,0.17,Instance2,870,-36,170,0.83
Object1300,Instance1,693,-9,110,0.42,Instance2,693,-32,110,0.58
Object1301,Instance1,730,-37,100,0.62,Instance2,730,-9,100,0.38
Object1302,Instance1,214,-33,150,0.97,Instance2,214,-32,150,0.03
Object1303,Instance1,559,-29,100,0.51,Instance2,559,-31,100,0.49
Object1304,Instance1,403,-11,30,0.84,Instance2,403,-11,30,0.16
Object1305,Instance1,944,-11,80,0.06,Instance2,944,-24,80,0.94
Object1306,Instance1,423,-20,20,0.72,Instance2,423,-45,20,0.28
Object1307,Instance1,614,-43,130,0.33,Instance2,614,-26,130,0.67
Object1308,Instance1,131,-16,150,0.35,Instance2,131,-38,150,0.65
Object1309,Instance1,296,-46,180,0.29,Instance2,296,-41,180,0.71
Object1310,Instance1,231,-7,40,0.05,Instance2,231,-1,40,0.95
Object1311,Instance1,988,-47,180,0.06,Instance2,988,-47,180,0.94
Object1312,Instance1,765,-19,190,0.4,Instance2,765,-1,190,0.6
Object1313,Instance1,926,-1,200,0.94,Instance2,926,-2,200,0.06
Object1314,Instance1,990,-11,110,0.73,Instance2,990,-33,110,0.27
Object1315,Instance1,499,-47,60,0.69,Instance2,499,-33,60,0.31
Object1316,Instance1,441,-13,130,0.43,Instance2,441,-48,130,0.57
Object1317,Instance1,558,-6,120,0.69,Instance2,558,-29,120,0.31
Object1318,Instance1,479,-46,10,0.14,Instance2,479,-39,10,0.86
Object1319,Instance1,616,-31,30,0.3,Instance2,616,-3,30,0.7
Object1320,Instance1,374,-9,30,0.99,Instance2,374,-33,30,0.01
Object1321,Instance1,226,-42,160,0.81,Instance2,226,-42,160,0.19
Object1322,Instance1,1000,-41,120,0.75,Instance2,1000,-37,120,0.25
Object1323,Instance1,641,-4,120,0.74,Instance2,641,-15,120,0.26
Object1324,Instance1,452,-43,40,0.65,Instance2,452,-38,40,0.35
Object1325,Instance1,393,-30,180,0.6,Instance2,393,-8,180,0.4
Object1326,Instance1,419,-38,10,0.53,Instance2,419,-1,10,0.47
Object1327,Instance1,975,-38,50,0.95,Instance2,975,-30,50,0.05
Object1328,Instance1,857,-13,30,0.56,Instance2,857,-31,30,0.44
Object1329,Instance1,458,-31,10,0.87,Instance2,458,-20,10,0.13
Object1330,Instance1,135,-38,150,0.94,Instance2,135,-43,150,0.06
Object1331,Instance1,641,-16,130,0.63,Instance2,641,-24,130,0.37
Object1332,Instance1,424,-40,160,0.28,Instance2,424,-37,160,0.72
Object1333,Instance1,501,-13,140,0.98,Instance2,501,-16,140,0.02
Object1334,Instance1,500,-30,200,0.29,Instance2,500,-1,200,0.71
Object1335,Instance1,886,-14,170,0.77,Instance2,886,-4,170,0.23
Object1336,Instance1,236,-6,190,0.26,Instance2,236,-45,190,0.74
Object1337,Instance1,885,-32,80,0.98,Instance2,885,-13,80,0.02
Object1338,Instance1,13,-27,130,0.96,Instance2,13,-30,130,0.04
Object1339,Instance1,217,-40,170,0.4,Instance2,217,-4,170,0.6
Object1340,Instance1,954,-38,200,0.5,Instance2,954,-34,200,0.5
Object1341,Instance1,353,-39,130,0.58,Instance2,353,-42,130,0.42
Object1342,Instance1,576,-19,190,0.72,Instance2,576,-11,190,0.28
Object1343,Instance1,363,-25,170,0.65,Instance2,363,-39,170,0.35
Object1344,Instance1,820,-2,130,0.33,Instance2,820,-2,130,0.67
Object1345,Instance1,433,-3,70,0.74,Instance2,433,-24,70,0.26
Object1346,Instance1,607,-49,170,0.08,Instance2,607,-37,170,0.92
Object1347,Instance1,221,-41,190,0.96,Instance2,221,-16,190,0.04
Object1348,Instance1,361,-8,70,0.9,Instance2,361,-23,70,0.1
Object1349,Instance1,364,-48,70,0.58,Instance2,364,-42,70,0.42
Object1350,Instance1,813,-23,90,0.15,Instance2,813,-5,90,0.85
Object1351,Instance1,115,-29,180,0.94,Instance2,115,-45,180,0.06
Object1352,Instance1,477,-26,70,0.14,Instance2,477,-22,70,0.86
Object1353,Instance1,306,-42,160,0.85,Instance2,306,-18,160,0.15
Object1354,Instance1,568,-21,170,0.43,Instance2,568,-22,170,0.57
Object1355,Instance1,429,-1,20,0.21,Instance2,429,-22,20,0.79
Object1356,Instance1,581,-35,60,0.9,Instance2,581,-35,60,0.1
Object1357,Instance1,854,-1,190,0.06,Instance2,854,-3,190,0.94
Object1358,Instance1,209,-36,40,0.14,Instance2,209,-14,40,0.86
Object1359,Instance1,97,-6,170,0.97,Instance2,97,-24,170,0.03
Object1360,Instance1,384,-40,140,0.65,Instance2,384,-13,140,0.35
Object1361,Instance1,287,-1,120,0.53,Instance2,287,-8,120,0.47
Object1362,Instance1,594,-28,40,0.68,Instance2,594,-32,40,0.32
Object1363,Instance1,154,-38,200,0.57,Instance2,154,-27,200,0.43
Object1364,Instance1,163,-41,120,0.7,Instance2,163,-33,120,0.3
Object1365,Instance1,463,-49,170,0.15,Instance2,463,-14,170,0.85
Object1366,Instance1,114,-25,70,0.93,Instance2,114,-43,70,0.07
Object1367,Instance1,139,-11,120,0.61,Instance2,139,-50,120,0.39
Object1368,Instance1,886,-26,40,0.15,Instance2,886,-12,40,0.85
Object1369,Instance1,61,-5,10,0.68,Instance2,61,-8,10,0.32
Object1370,Instance1,559,-4,200,0.65,Instance2,559,-24,200,0.35
Object1371,Instance1,675,-40,30,0.5,Instance2,675,-6,30,0.5
Object1372,Instance1,851,-10,130,0.49,Instance2,851,-13,130,0.51
Object1373,Instance1,726,-50,50,0.69,Instance2,726,-33,50,0.31
Object1374,Instance1,34,-6,150,0.57,Instance2,34,-28,150,0.43
Object1375,Instance1,752,-30,40,0.39,Instance2,752,-48,40,0.61
Object1376,Instance1,920,-20,30,0.28,Instance2,920,-35,30,0.72
Object1377,Instance1,864,-25,80,0.73,Instance2,864,-45,80,0.27
Object1378,Instance1,750,-22,130,0.82,Instance2,750,-9,130,0.18
Object1379,Instance1,171,-34,20,0.49,Instance2,171,-46,20,0.51
Object1380,Instance1,70,-8,160,0.33,Instance2,70,-42,160,0.67
Object1381,Instance1,537,-38,30,0.49,Instance2,537,-39,30,0.51
Object1382,Instance1,180,-31,160,0.21,Instance2,180,-34,160,0.79
Object1383,Instance1,100,-29,160,0.47,Instance2,100,-13,160,0.53
Object1384,Instance1,167,-35,190,0.03,Instance2,167,-1,190,0.97
Object1385,Instance1,374,-33,190,0.93,Instance2,374,-10,190,0.07
Object1386,Instance1,543,-36,190,0.43,Instance2,543,-1,190,0.57
Object1387,Instance1,368,-14,60,0.07,Instance2,368,-42,60,0.93
Object1388,Instance1,727,-3,160,0.39,Instance2,727,-25,160,0.61
Object1389,Instance1,726,-20,60,0.83,Instance2,726,-5,60,0.17
Object1390,Instance1,889,-31,160,0.72,Instance2,889,-25,160,0.28
Object1391,Instance1,304,-35,60,0.09,Instance2,304,-37,60,0.91
Object1392,Instance1,350,-23,140,0.92,Instance2,350,-15,140,0.08
Object1393,Instance1,788,-14,190,0.35,Instance2,788,-19,190,0.65
Object1394,Instance1,655,-17,40,0.88,Instance2,655,-33,40,0.12
Object1395,Instance1,659,-33,50,0.39,Instance2,659,-25,50,0.61
Object1396,Instance1,74,-17,70,0.04,Instance2,74,-32,70,0.96
Object1397,Instance1,94,-2,110,0.32,Instance2,94,-22,110,0.68
Object1398,Instance1,988,-39,170,0.74,Instance2,988,-45,170,0.26
Object1399,Instance1,894,-6,40,0.07,Instance2,894,-38,40,0.93
Object1400,Instance1,52,-37,160,0.73,Instance2,52,-27,160,0.27
Object1401,Instance1,274,-18,180,0.86,Instance2,274,-26,180,0.14
Object1402,Instance1,440,-6,40,0.15,Instance2,440,-2,40,0.85
Object1403,Instance1,590,-26,70,0.94,Instance2,590,-5,70,0.06
Object1404,Instance1,576,-25,190,0.73,Instance2,576,-16,190,0.27
Object1405,Instance1,758,-31,90,0.92,Instance2,758,-35,90,0.08
Object1406,Instance1,108,-41,60,0.45,Instance2,108,-34,60,0.55
Object1407,Instance1,313,-2,80,0.89,Instance2,313,-16,80,0.11
Object1408,Instance1,707,-36,120,0.72,Instance2,707,-20,120,0.28
Object1409,Instance1,515,-47,140,0.95,Instance2,515,-50,140,0.05
Object1410,Instance1,308,-41,150,0.71,Instance2,308,-20,150,0.29
Object1411,Instance1,572,-30,80,0.49,Instance2,572,-9,80,0.51
Object1412,Instance1,733,-42,150,0.06,Instance2,733,-29,150,0.94
Object1413,Instance1,758,-44,150,0.11,Instance2,758,-31,150,0.89
Object1414,Instance1,64,-38,90,0.12,Instance2,64,-31,90,0.88
Object1415,Instance1,513,-16,200,0.44,Instance2,513,-10,200,0.56
Object1416,Instance1,705,-20,150,0.61,Instance2,705,-30,150,0.39
Object1417,Instance1,944,-39,110,0.49,Instance2,944,-49,110,0.51
Object1418,Instance1,717,-43,160,0.97,Instance2,717,-13,160,0.03
Object1419,Instance1,61,-6,110,0.28,Instance2,61,-34,110,0.72
Object1420,Instance1,81,-14,120,0.81,Instance2,81,-43,120,0.19
Object1421,Instance1,111,-3,10,0.05,Instance2,111,-20,10,0.95
Object1422,Instance1,439,-11,200,0.01,Instance2,439,-28,200,0.99
Object1423,Instance1,892,-12,10,0.97,Instance2,892,-21,10,0.03
Object1424,Instance1,334,-38,70,0.6,Instance2,334,-26,70,0.4
Object1425,Instance1,524,-16,80,0.12,Instance2,524,-40,80,0.88
Object1426,Instance1,31,-28,190,0.38,Instance2,31,-47,190,0.62
Object1427,Instance1,810,-48,190,0.4,Instance2,810,-28,190,0.6
Object1428,Instance1,121,-39,90,0.13,Instance2,121,-29,90,0.87
Object1429,Instance1,424,-45,80,0.33,Instance2,424,-21,80,0.67
Object1430,Instance1,614,-17,60,0.03,Instance2,614,-39,60,0.97
Object1431,Instance1,445,-4,160,0.93,Instance2,445,-48,160,0.07
Object1432,Instance1,596,-18,20,0.6,Instance2,596,-6,20,0.4
Object1433,Instance1,324,-13,80,0.13,Instance2,324,-12,80,0.87
Object1434,Instance1,503,-31,150,0.09,Instance2,503,-2,150,0.91
Object1435,Instance1,919,-47,120,0.68,Instance2,919,-31,120,0.32
Object1436,Instance1,965,-12,20,0.6,Instance2,965,-15,20,0.4
Object1437,Instance1,92,-36,70,0.53,Instance2,92,-21,70,0.47
Object1438,Instance1,446,-42,50,0.08,Instance2,446,-22,50,0.92
Object1439,Instance1,264,-44,10,0.34,Instance2,264,-33,10,0.66
Object1440,Instance1,311,-12,170,0.19,Instance2,311,-20,170,0.81
Object1441,Instance1,204,-48,90,0.32,Instance2,204,-49,90,0.68
Object1442,Instance1,648,-7,160,0.16,Instance2,648,-3,160,0.84
Object1443,Instance1,477,-46,90,0.01,Instance2,477,-27,90,0.99
Object1444,Instance1,931,-16,160,0.62,Instance2,931,-2,160,0.38
Object1445,Instance1,12,-34,160,0.0,Instance2,12,-46,160,1.0
Object1446,Instance1,791,-10,110,0.44,Instance2,791,-14,110,0.56
Object1447,Instance1,957,-43,40,0.86,Instance2,957,-47,40,0.14
Object1448,Instance1,757,-46,50,0.74,Instance2,757,-8,50,0.26
Object1449,Instance1,781,-43,180,0.13,Instance2,781,-17,180,0.87
Object1450,Instance1,768,-27,60,0.37,Instance2,768,-7,60,0.63
Object1451,Instance1,465,-36,10,0.46,Instance2,465,-10,10,0.54
Object1452,Instance1,472,-38,120,0.82,Instance2,472,-31,120,0.18
Object1453,Instance1,323,-20,170,0.03,Instance2,323,-10,170,0.97
Object1454,Instance1,371,-43,200,0.76,Instance2,371,-16,200,0.24
Object1455,Instance1,763,-4,60,0.58,Instance2,763,-4,60,0.42
Object1456,Instance1,636,-24,180,0.65,Instance2,636,-42,180,0.35
Object1457,Instance1,11,-40,20,0.31,Instance2,11,-35,20,0.69
Object1458,Instance1,422,-44,80,0.62,Instance2,422,-7,80,0.38
Object1459,Instance1,770,-50,70,0.69,Instance2,770,-36,70,0.31
Object1460,Instance1,808,-34,50,0.34,Instance2,808,-48,50,0.66
Object1461,Instance1,475,-29,40,0.14,Instance2,475,-23,40,0.86
Object1462,Instance1,494,-50,40,0.54,Instance2,494,-4,40,0.46
Object1463,Instance1,686,-27,130,0.72,Instance2,686,-17,130,0.28
Object1464,Instance1,674,-31,150,0.26,Instance2,674,-22,150,0.74
Object1465,Instance1,388,-47,40,0.44,Instance2,388,-40,40,0.56
Object1466,Instance1,466,-45,110,0.57,Instance2,466,-31,110,0.43
Object1467,Instance1,723,-29,10,0.13,Instance2,723,-20,10,0.87
Object1468,Instance1,891,-34,170,0.87,Instance2,891,-6,170,0.13
Object1469,Instance1,310,-41,30,0.64,Instance2,310,-42,30,0.36
Object1470,Instance1,273,-11,50,0.48,Instance2,273,-41,50,0.52
Object1471,Instance1,613,-15,30,0.93,Instance2,613,-21,30,0.07
Object1472,Instance1,934,-13,70,0.52,Instance2,934,-13,70,0.48
Object1473,Instance1,324,-18,10,0.55,Instance2,324,-31,10,0.45
Object1474,Instance1,504,-38,180,0.48,Instance2,504,-44,180,0.52
Object1475,Instance1,946,-17,50,0.57,Instance2,946,-5,50,0.43
Object1476,Instance1,693,-50,180,0.89,Instance2,693,-32,180,0.11
Object1477,Instance1,739,-13,60,0.77,Instance2,739,-19,60,0.23
Object1478,Instance1,443,-48,30,0.75,Instance2,443,-3,30,0.25
Object1479,Instance1,682,-21,40,0.6,Instance2,682,-35,40,0.4
Object1480,Instance1,400,-25,110,0.31,Instance2,400,-42,110,0.69
Object1481,Instance1,873,-9,200,0.98,Instance2,873,-46,200,0.02
Object1482,Instance1,76,-10,50,0.94,Instance2,76,-18,50,0.06
Object1483,Instance1,565,-43,110,0.63,Instance2,565,-22,110,0.37
Object1484,Instance1,854,-41,200,0.26,Instance2,854,-32,200,0.74
Object1485,Instance1,10,-8,80,0.38,Instance2,10,-31,80,0.62
Object1486,Instance1,600,-8,170,0.98,Instance2,600,-30,170,0.02
Object1487,Instance1,603,-26,30,0.82,Instance2,603,-38,30,0.18
Object1488,Instance1,933,-24,170,0.25,Instance2,933,-45,170,0.75
Object1489,Instance1,517,-27,200,0.05,Instance2,517,-17,200,0.95
Object1490,Instance1,741,-46,120,0.42,Instance2,741,-13,120,0.58
Object1491,Instance1,821,-35,120,0.37,Instance2,821,-50,120,0.63
Object1492,Instance1,648,-37,30,0.14,Instance2,648,-36,30,0.86
Object1493,Instance1,459,-23,140,0.65,Instance2,459,-7,140,0.35
Object1494,Instance1,387,-15,20,0.57,Instance2,387,-31,20,0.43
Object1495,Instance1,368,-28,10,0.71,Instance2,368,-3,10,0.29
Object1496,Instance1,918,-27,110,0.24,Instance2,918,-15,110,0.76
Object1497,Instance1,466,-11,50,0.38,Instance2,466,-25,50,0.62
Object1498,Instance1,716,-44,140,0.22,Instance2,716,-35,140,0.78
Object1499,Instance1,187,-20,10,0.6,Instance2,187,-23,10,0.4
Object1500,Instance1,445,-32,50,0.38,Instance2,445,-24,50,0.62
Object1501,Instance1,178,-34,130,0.74,Instance2,178,-33,130,0.26
Object1502,Instance1,299,-18,30,0.39,Instance2,299,-37,30,0.61
Object1503,Instance1,880,-35,30,0.45,Instance2,880,-45,30,0.55
Object1504,Instance1,694,-17,200,0.24,Instance2,694,-14,200,0.76
Object1505,Instance1,703,-50,100,0.35,Instance2,703,-8,100,0.65
Object1506,Instance1,137,-8,130,0.36,Instance2,137,-47,130,0.64
Object1507,Instance1,659,-2,150,0.0,Instance2,659,-49,150,1.0
Object1508,Instance1,265,-25,50,0.89,Instance2,265,-8,50,0.11
Object1509,Instance1,934,-41,170,0.96,Instance2,934,-17,170,0.04
Object1510,Instance1,304,-49,40,0.39,Instance2,304,-29,40,0.61
Object1511,Instance1,139,-4,30,0.46,Instance2,139,-17,30,0.54
Object1512,Instance1,5,-4,10,0.09,Instance2,5,-1,10,0.91
Object1513,Instance1,982,-23,30,0.87,Instance2,982,-44,30,0.13
Object1514,Instance1,375,-10,190,0.51,Instance2,375,-31,190,0.49
Object1515,Instance1,971,-5,100,0.77,Instance2,971,-8,100,0.23
Object1516,Instance1,942,-31,30,0.62,Instance2,942,-40,30,0.38
Object1517,Instance1,339,-20,200,1.0,Instance2,339,-36,200,0.0
Object1518,Instance1,18,-37,40,0.15,Instance2,18,-45,40,0.85
Object1519,Instance1,485,-11,40,0.06,Instance2,485,-47,40,0.94
Object1520,Instance1,142,-20,150,0.54,Instance2,142,-46,150,0.46
Object1521,Instance1,12,-21,100,0.94,Instance2,12,-33,100,0.06
Object1522,Instance1,679,-40,190,0.96,Instance2,679,-47,190,0.04
Object1523,Instance1,414,-23,40,0.85,Instance2,414,-19,40,0.15
Object1524,Instance1,437,-2,170,0.48,Instance2,437,-3,170,0.52
Object1525,Instance1,524,-36,110,0.64,Instance2,524,-19,110,0.36
Object1526,Instance1,855,-23,100,0.61,Instance2,855,-2,100,0.39
Object1527,Instance1,420,-42,80,0.07,Instance2,420,-8,80,0.93
Object1528,Instance1,598,-11,130,0.43,Instance2,598,-13,130,0.57
Object1529,Instance1,145,-37,120,0.95,Instance2,145,-31,120,0.05
Object1530,Instance1,782,-29,40,0.0,Instance2,782,-32,40,1.0
Object1531,Instance1,769,-2,50,0.3,Instance2,769,-34,50,0.7
Object1532,Instance1,209,-13,60,0.69,Instance2,209,-20,60,0.31
Object1533,Instance1,734,-32,70,0.96,Instance2,734,-34,70,0.04
Object1534,Instance1,548,-33,130,0.44,Instance2,548,-39,130,0.56
Object1535,Instance1,652,-44,150,0.76,Instance2,652,-10,150,0.24
Object1536,Instance1,376,-39,170,0.25,Instance2,376,-25,170,0.75
Object1537,Instance1,512,-23,160,0.86,Instance2,512,-50,160,0.14
Object1538,Instance1,616,-19,60,0.43,Instance2,616,-26,60,0.57
Object1539,Instance1,643,-30,200,0.35,Instance2,643,-27,200,0.65
Object1540,Instance1,25,-1,150,0.75,Instance2,25,-13,150,0.25
Object1541,Instance1,765,-32,20,0.77,Instance2,765,-49,20,0.23
Object1542,Instance1,591,-12,80,0.39,Instance2,591,-11,80,0.61
Object1543,Instance1,785,-43,100,0.24,Instance2,785,-27,100,0.76
Object1544,Instance1,410,-27,80,0.1,Instance2,410,-43,80,0.9
Object1545,Instance1,844,-16,100,0.75,Instance2,844,-2,100,0.25
Object1546,Instance1,735,-27,150,0.22,Instance2,735,-4,150,0.78
Object1547,Instance1,457,-41,80,0.51,Instance2,457,-46,80,0.49
Object1548,Instance1,218,-19,20,0.81,Instance2,218,-42,20,0.19
Object1549,Instance1,796,-1,20,0.59,Instance2,796,-45,20,0.41
Object1550,Instance1,808,-35,110,0.84,Instance2,808,-43,110,0.16
Object1551,Instance1,235,-43,110,0.28,Instance2,235,-4,110,0.72
Object1552,Instance1,716,-40,90,0.82,Instance2,716,-47,90,0.18
Object1553,Instance1,564,-40,60,0.66,Instance2,564,-26,60,0.34
Object1554,Instance1,747,-22,200,0.98,Instance2,747,-21,200,0.02
Object1555,Instance1,792,-9,160,0.19,Instance2,792,-11,160,0.81
Object1556,Instance1,652,-31,40,0.64,Instance2,652,-48,40,0.36
Object1557,Instance1,598,-39,80,0.01,Instance2,598,-34,80,0.99
Object1558,Instance1,633,-29,190,0.96,Instance2,633,-46,190,0.04
Object1559,Instance1,649,-34,170,0.48,Instance2,649,-50,170,0.52
Object1560,Instance1,144,-45,70,0.0,Instance2,144,-5,70,1.0
Object1561,Instance1,624,-38,100,0.75,Instance2,624,-42,100,0.25
Object1562,Instance1,398,-26,100,0.27,Instance2,398,-43,100,0.73
Object1563,Instance1,521,-42,10,1.0,Instance2,521,-27,10,0.0
Object1564,Instance1,241,-11,120,0.96,Instance2,241,-21,120,0.04
Object1565,Instance1,251,-46,10,0.37,Instance2,251,-40,10,0.63
Object1566,Instance1,774,-34,200,0.96,Instance2,774,-35,200,0.04
Object1567,Instance1,883,-16,160,0.85,Instance2,883,-20,160,0.15
Object1568,Instance1,792,-41,170,0.97,Instance2,792,-45,170,0.03
Object1569,Instance1,352,-12,190,0.5,Instance2,352,-2,190,0.5
Object1570,Instance1,776,-17,100,0.51,Instance2,776,-7,100,0.49
Object1571,Instance1,91,-2,40,0.43,Instance2,91,-10,40,0.57
Object1572,Instance1,68,-27,170,0.27,Instance2,68,-28,170,0.73
Object1573,Instance1,217,-4,90,0.2,Instance2,217,-13,90,0.8
Object1574,Instance1,52,-28,80,0.91,Instance2,52,-13,80,0.09
Object1575,Instance1,964,-2,180,0.3,Instance2,964,-44,180,0.7
Object1576,Instance1,556,-6,200,0.21,Instance2,556,-45,200,0.79
Object1577,Instance1,891,-46,130,0.72,Instance2,891,-11,130,0.28
Object1578,Instance1,509,-29,60,0.13,Instance2,509,-28,60,0.87
Object1579,Instance1,583,-24,60,0.62,Instance2,583,-8,60,0.38
Object1580,Instance1,8,-36,80,0.42,Instance2,8,-3,80,0.58
Object1581,Instance1,290,-7,90,0.01,Instance2,290,-42,90,0.99
Object1582,Instance1,63,-44,160,0.94,Instance2,63,-11,160,0.06
Object1583,Instance1,570,-22,30,0.86,Instance2,570,-45,30,0.14
Object1584,Instance1,634,-26,70,0.96,Instance2,634,-22,70,0.04
Object1585,Instance1,840,-39,20,0.06,Instance2,840,-15,20,0.94
Object1586,Instance1,735,-17,130,0.61,Instance2,735,-6,130,0.39
Object1587,Instance1,178,-12,40,0.91,Instance2,178,-10,40,0.09
Object1588,Instance1,334,-43,180,0.83,Instance2,334,-45,180,0.17
Object1589,Instance1,882,-17,170,0.64,Instance2,882,-16,170,0.36
Object1590,Instance1,129,-22,110,0.87,Instance2,129,-3,110,0.13
Object1591,Instance1,635,-45,40,0.48,Instance2,635,-9,40,0.52
Object1592,Instance1,932,-18,60,0.07,Instance2,932,-26,60,0.93
Object1593,Instance1,885,-13,150,0.0,Instance2,885,-11,150,1.0
Object1594,Instance1,121,-38,130,0.36,Instance2,121,-39,130,0.64
Object1595,Instance1,504,-17,140,0.05,Instance2,504,-27,140,0.95
Object1596,Instance1,433,-50,50,0.56,Instance2,433,-9,50,0.44
Object1597,Instance1,918,-44,160,0.83,Instance2,918,-14,160,0.17
Object1598,Instance1,986,-4,190,0.97,Instance2,986,-7,190,0.03
Object1599,Instance1,771,-26,60,0.27,Instance2,771,-10,60,0.73
Object1600,Instance1,820,-16,30,0.02,Instance2,820,-44,30,0.98
Object1601,Instance1,337,-26,60,0.86,Instance2,337,-1,60,0.14
Object1602,Instance1,37,-20,160,0.03,Instance2,37,-27,160,0.97
Object1603,Instance1,564,-2,110,0.26,Instance2,564,-44,110,0.74
Object1604,Instance1,805,-24,120,0.38,Instance2,805,-12,120,0.62
Object1605,Instance1,650,-50,170,0.39,Instance2,650,-12,170,0.61
Object1606,Instance1,374,-20,10,0.75,Instance2,374,-18,10,0.25
Object1607,Instance1,568,-26,10,0.9,Instance2,568,-14,10,0.1
Object1608,Instance1,648,-20,120,0.64,Instance2,648,-29,120,0.36
Object1609,Instance1,113,-17,40,0.89,Instance2,113,-46,40,0.11
Object1610,Instance1,51,-32,80,0.87,Instance2,51,-18,80,0.13
Object1611,Instance1,26,-31,70,0.97,Instance2,26,-5,70,0.03
Object1612,Instance1,282,-31,30,0.48,Instance2,282,-12,30,0.52
Object1613,Instance1,122,-14,170,0.75,Instance2,122,-2,170,0.25
Object1614,Instance1,473,-16,200,0.63,Instance2,473,-33,200,0.37
Object1615,Instance1,596,-14,190,0.66,Instance2,596,-31,190,0.34
Object1616,Instance1,754,-35,90,0.21,Instance2,754,-40,90,0.79
Object1617,Instance1,983,-3,170,0.36,Instance2,983,-28,170,0.64
Object1618,Instance1,812,-46,90,0.61,Instance2,812,-19,90,0.39
Object1619,Instance1,197,-7,110,0.03,Instance2,197,-33,110,0.97
Object1620,Instance1,605,-25,110,0.78,Instance2,605,-7,110,0.22
Object1621,Instance1,610,-40,80,0.2,Instance2,610,-31,80,0.8
Object1622,Instance1,540,-13,70,0.29,Instance2,540,-19,70,0.71
Object1623,Instance1,840,-37,190,0.76,Instance2,840,-7,190,0.24
Object1624,Instance1,780,-2,170,0.69,Instance2,780,-42,170,0.31
Object1625,Instance1,666,-36,10,0.15,Instance2,666,-43,10,0.85
Object1626,Instance1,574,-48,50,0.88,Instance2,574,-33,50,0.12
Object1627,Instance1,380,-20,50,0.54,Instance2,380,-8,50,0.46
Object1628,Instance1,515,-45,110,0.24,Instance2,515,-3,110,0.76
Object1629,Instance1,803,-10,190,0.32,Instance2,803,-40,190,0.68
Object1630,Instance1,678,-48,130,0.51,Instance2,678,-21,130,0.49
Object1631,Instance1,305,-39,170,0.73,Instance2,305,-32,170,0.27
Object1632,Instance1,916,-47,150,0.09,Instance2,916,-17,150,0.91
Object1633,Instance1,615,-34,70,0.44,Instance2,615,-21,70,0.56
Object1634,Instance1,682,-18,180,0.72,Instance2,682,-20,180,0.28
Object1635,Instance1,216,-1,120,0.68,Instance2,216,-16,120,0.32
Object1636,Instance1,613,-27,50,0.94,Instance2,613,-22,50,0.06
Object1637,Instance1,29,-19,180,0.24,Instance2,29,-15,180,0.76
Object1638,Instance1,857,-17,20,0.58,Instance2,857,-31,20,0.42
Object1639,Instance1,996,-41,150,0.33,Instance2,996,-41,150,0.67
Object1640,Instance1,238,-1,200,0.1,Instance2,238,-3,200,0.9
Object1641,Instance1,823,-29,20,0.65,Instance2,823,-44,20,0.35
Object1642,Instance1,148,-33,70,0.66,Instance2,148,-1,70,0.34
Object1643,Instance1,286,-41,50,0.09,Instance2,286,-50,50,0.91
Object1644,Instance1,470,-4,10,0.02,Instance2,470,-25,10,0.98
Object1645,Instance1,970,-2,150,0.56,Instance2,970,-48,150,0.44
Object1646,Instance1,624,-48,50,0.79,Instance2,624,-41,50,0.21
Object1647,Instance1,928,-36,120,0.04,Instance2,928,-12,120,0.96
Object1648,Instance1,310,-32,200,0.63,Instance2,310,-37,200,0.37
Object1649,Instance1,633,-14,100,0.23,Instance2,633,-12,100,0.77
Object1650,Instance1,77,-27,190,0.78,Instance2,77,-5,190,0.22
Object1651,Instance1,7,-15,150,0.2,Instance2,7,-23,150,0.8
Object1652,Instance1,277,-20,130,0.41,Instance2,277,-19,130,0.59
Object1653,Instance1,506,-1,170,0.99,Instance2,506,-29,170,0.01
Object1654,Instance1,778,-7,30,0.79,Instance2,778,-45,30,0.21
Object1655,Instance1,980,-43,30,0.09,Instance2,980,-33,30,0.91
Object1656,Instance1,636,-33,90,0.3,Instance2,636,-14,90,0.7
Object1657,Instance1,84,-32,80,0.12,Instance2,84,-1,80,0.88
Object1658,Instance1,182,-2,130,0.08,Instance2,182,-42,130,0.92
Object1659,Instance1,627,-19,130,0.54,Instance2,627,-14,130,0.46
Object1660,Instance1,47,-28,10,0.1,Instance2,47,-38,10,0.9
Object1661,Instance1,498,-20,140,0.11,Instance2,498,-47,140,0.89
Object1662,Instance1,221,-45,110,0.49,Instance2,221,-47,110,0.51
Object1663,Instance1,534,-21,190,0.08,Instance2,534,-49,190,0.92
Object1664,Instance1,366,-9,180,0.05,Instance2,366,-24,180,0.95
Object1665,Instance1,956,-35,10,0.93,Instance2,956,-2,10,0.07
Object1666,Instance1,220,-19,170,0.26,Instance2,220,-26,170,0.74
Object1667,Instance1,668,-29,70,0.62,Instance2,668,-11,70,0.38
Object1668,Instance1,117,-21,140,0.98,Instance2,117,-33,140,0.02
Object1669,Instance1,844,-9,20,0.08,Instance2,844,-27,20,0.92
Object1670,Instance1,604,-32,90,0.12,Instance2,604,-21,90,0.88
Object1671,Instance1,143,-46,100,0.02,Instance2,143,-7,100,0.98
Object1672,Instance1,348,-31,90,0.16,Instance2,348,-15,90,0.84
Object1673,Instance1,646,-44,60,0.54,Instance2,646,-29,60,0.46
Object1674,Instance1,206,-2,190,0.5,Instance2,206,-39,190,0.5
Object1675,Instance1,186,-21,180,0.13,Instance2,186,-23,180,0.87
Object1676,Instance1,145,-36,190,0.25,Instance2,145,-24,190,0.75
Object1677,Instance1,723,-28,150,0.29,Instance2,723,-49,150,0.71
Object1678,Instance1,834,-28,190,0.5,Instance2,834,-9,190,0.5
Object1679,Instance1,12,-26,140,0.88,Instance2,12,-50,140,0.12
Object1680,Instance1,917,-41,40,0.04,Instance2,917,-38,40,0.96
Object1681,Instance1,47,-3,170,0.35,Instance2,47,-38,170,0.65
Object1682,Instance1,789,-21,120,0.08,Instance2,789,-38,120,0.92
Object1683,Instance1,902,-12,20,0.89,Instance2,902,-5,20,0.11
Object1684,Instance1,999,-22,150,0.2,Instance2,999,-29,150,0.8
Object1685,Instance1,467,-44,90,0.81,Instance2,467,-3,90,0.19
Object1686,Instance1,481,-17,90,0.82,Instance2,481,-6,90,0.18
Object1687,Instance1,35,-37,90,0.75,Instance2,35,-31,90,0.25
Object1688,Instance1,3,-4,170,0.07,Instance2,3,-20,170,0.93
Object1689,Instance1,106,-16,200,0.2,Instance2,106,-38,200,0.8
Object1690,Instance1,575,-2,10,0.86,Instance2,575,-32,10,0.14
Object1691,Instance1,844,-17,60,0.86,Instance2,844,-8,60,0.14
Object1692,Instance1,291,-41,190,0.26,Instance2,291,-29,190,0.74
Object1693,Instance1,41,-35,140,0.39,Instance2,41,-36,140,0.61
Object1694,Instance1,753,-37,150,0.83,Instance2,753,-29,150,0.17
Object1695,Instance1,172,-13,50,0.24,Instance2,172,-33,50,0.76
Object1696,Instance1,48,-29,140,0.69,Instance2,48,-3,140,0.31
Object1697,Instance1,104,-19,150,0.08,Instance2,104,-8,150,0.92
Object1698,Instance1,807,-16,190,0.57,Instance2,807,-7,190,0.43
Object1699,Instance1,881,-4,200,0.54,Instance2,881,-30,200,0.46
Object1700,Instance1,57,-39,180,0.52,Instance2,57,-46,180,0.48
Object1701,Instance1,799,-12,190,0.13,Instance2,799,-42,190,0.87
Object1702,Instance1,222,-4,170,0.74,Instance2,222,-30,170,0.26
Object1703,Instance1,895,-21,130,0.54,Instance2,895,-8,130,0.46
Object1704,Instance1,894,-38,20,0.73,Instance2,894,-24,20,0.27
Object1705,Instance1,546,-50,90,0.51,Instance2,546,-34,90,0.49
Object1706,Instance1,965,-28,160,0.83,Instance2,965,-49,160,0.17
Object1707,Instance1,125,-40,30,0.71,Instance2,125,-47,30,0.29
Object1708,Instance1,41,-42,170,0.24,Instance2,41,-34,170,0.76
Object1709,Instance1,555,-15,120,0.71,Instance2,555,-21,120,0.29
Object1710,Instance1,799,-9,30,0.74,Instance2,799,-48,30,0.26
Object1711,Instance1,764,-29,10,0.03,Instance2,764,-26,10,0.97
Object1712,Instance1,858,-45,170,0.89,Instance2,858,-17,170,0.11
Object1713,Instance1,914,-23,70,0.98,Instance2,914,-25,70,0.02
Object1714,Instance1,366,-45,50,0.7,Instance2,366,-31,50,0.3
Object1715,Instance1,722,-31,80,0.72,Instance2,722,-39,80,0.28
Object1716,Instance1,577,-35,100,0.35,Instance2,577,-20,100,0.65
Object1717,Instance1,993,-45,40,0.77,Instance2,993,-45,40,0.23
Object1718,Instance1,972,-29,160,0.27,Instance2,972,-45,160,0.73
Object1719,Instance1,980,-22,60,0.25,Instance2,980,-6,60,0.75
Object1720,Instance1,87,-20,40,0.48,Instance2,87,-16,40,0.52
Object1721,Instance1,543,-6,30,0.43,Instance2,543,-1,30,0.57
Object1722,Instance1,83,-32,100,0.3,Instance2,83,-44,100,0.7
Object1723,Instance1,89,-29,90,0.36,Instance2,89,-10,90,0.64
Object1724,Instance1,494,-46,120,0.86,Instance2,494,-45,120,0.14
Object1725,Instance1,126,-44,190,0.83,Instance2,126,-50,190,0.17
Object1726,Instance1,226,-48,30,0.5,Instance2,226,-33,30,0.5
Object1727,Instance1,433,-23,60,0.39,Instance2,433,-49,60,0.61
Object1728,Instance1,530,-46,30,0.68,Instance2,530,-40,30,0.32
Object1729,Instance1,781,-24,90,0.34,Instance2,781,-1,90,0.66
Object1730,Instance1,384,-21,120,0.19,Instance2,384,-8,120,0.81
Object1731,Instance1,767,-32,100,0.92,Instance2,767,-47,100,0.08
Object1732,Instance1,295,-25,200,0.3,Instance2,295,-47,200,0.7
Object1733,Instance1,113,-25,60,0.73,Instance2,113,-13,60,0.27
Object1734,Instance1,12,-35,150,0.27,Instance2,12,-38,150,0.73
Object1735,Instance1,99,-19,180,0.84,Instance2,99,-34,180,0.16
Object1736,Instance1,995,-9,200,0.82,Instance2,995,-15,200,0.18
Object1737,Instance1,223,-30,50,0.22,Instance2,223,-28,50,0.78
Object1738,Instance1,896,-8,200,0.87,Instance2,896,-34,200,0.13
Object1739,Instance1,768,-1,190,0.02,Instance2,768,-26,190,0.98
Object1740,Instance1,484,-19,60,0.28,Instance2,484,-5,60,0.72
Object1741,Instance1,116,-11,180,0.94,Instance2,116,-1,180,0.06
Object1742,Instance1,31,-21,110,0.9,Instance2,31,-3,110,0.1
Object1743,Instance1,343,-47,50,0.15,Instance2,343,-4,50,0.85
Object1744,Instance1,203,-48,120,0.72,Instance2,203,-29,120,0.28
Object1745,Instance1,314,-24,100,0.93,Instance2,314,-28,100,0.07
Object1746,Instance1,960,-36,130,0.01,Instance2,960,-10,130,0.99
Object1747,Instance1,972,-35,40,0.81,Instance2,972,-41,40,0.19
Object1748,Instance1,806,-42,110,0.24,Instance2,806,-18,110,0.76
Object1749,Instance1,177,-1,80,0.29,Instance2,177,-4,80,0.71
Object1750,Instance1,980,-5,100,0.97,Instance2,980,-11,100,0.03
Object1751,Instance1,461,-31,40,0.78,Instance2,461,-48,40,0.22
Object1752,Instance1,222,-9,60,0.63,Instance2,222,-15,60,0.37
Object1753,Instance1,996,-45,10,0.11,Instance2,996,-42,10,0.89
Object1754,Instance1,398,-6,90,0.75,Instance2,398,-35,90,0.25
Object1755,Instance1,871,-13,140,0.1,Instance2,871,-7,140,0.9
Object1756,Instance1,72,-34,10,0.81,Instance2,72,-46,10,0.19
Object1757,Instance1,402,-45,30,0.65,Instance2,402,-48,30,0.35
Object1758,Instance1,83,-17,60,0.55,Instance2,83,-36,60,0.45
Object1759,Instance1,148,-32,20,0.09,Instance2,148,-29,20,0.91
Object1760,Instance1,185,-35,120,0.66,Instance2,185,-37,120,0.34
Object1761,Instance1,81,-11,60,0.1,Instance2,81,-48,60,0.9
Object1762,Instance1,683,-21,20,0.76,Instance2,683,-26,20,0.24
Object1763,Instance1,775,-37,30,0.05,Instance2,775,-6,30,0.95
Object1764,Instance1,874,-14,90,0.23,Instance2,874,-50,90,0.77
Object1765,Instance1,155,-12,50,0.72,Instance2,155,-19,50,0.28
Object1766,Instance1,455,-6,200,0.97,Instance2,455,-31,200,0.03
Object1767,Instance1,290,-2,170,0.32,Instance2,290,-16,170,0.68
Object1768,Instance1,726,-26,190,0.62,Instance2,726,-6,190,0.38
Object1769,Instance1,635,-32,180,0.55,Instance2,635,-7,180,0.45
Object1770,Instance1,845,-18,20,0.79,Instance2,845,-30,20,0.21
Object1771,Instance1,380,-48,200,0.07,Instance2,380,-5,200,0.93
Object1772,Instance1,249,-10,180,0.82,Instance2,249,-42,180,0.18
Object1773,Instance1,705,-31,160,0.01,Instance2,705,-23,160,0.99
Object1774,Instance1,648,-21,100,0.25,Instance2,648,-15,100,0.75
Object1775,Instance1,516,-48,150,0.16,Instance2,516,-36,150,0.84
Object1776,Instance1,615,-37,70,0.32,Instance2,615,-41,70,0.68
Object1777,Instance1,355,-44,100,0.57,Instance2,355,-26,100,0.43
Object1778,Instance1,755,-13,70,0.66,Instance2,755,-1,70,0.34
Object1779,Instance1,689,-19,140,0.08,Instance2,689,-9,140,0.92
Object1780,Instance1,69,-14,180,0.64,Instance2,69,-32,180,0.36
Object1781,Instance1,998,-37,190,0.93,Instance2,998,-11,190,0.07
Object1782,Instance1,202,-40,110,0.63,Instance2,202,-23,110,0.37
Object1783,Instance1,931,-14,180,0.16,Instance2,931,-3,180,0.84
Object1784,Instance1,440,-23,170,0.93,Instance2,440,-3,170,0.07
Object1785,Instance1,204,-46,110,0.24,Instance2,204,-30,110,0.76
Object1786,Instance1,78,-18,20,0.06,Instance2,78,-30,20,0.94
Object1787,Instance1,359,-23,110,0.44,Instance2,359,-21,110,0.56
Object1788,Instance1,817,-18,60,0.13,Instance2,817,-18,60,0.87
Object1789,Instance1,190,-26,160,0.57,Instance2,190,-7,160,0.43
Object1790,Instance1,614,-25,130,0.45,Instance2,614,-36,130,0.55
Object1791,Instance1,216,-49,130,0.47,Instance2,216,-9,130,0.53
Object1792,Instance1,376,-21,50,0.15,Instance2,376,-47,50,0.85
Object1793,Instance1,17,-45,110,0.62,Instance2,17,-9,110,0.38
Object1794,Instance1,385,-42,10,0.98,Instance2,385,-42,10,0.02
Object1795,Instance1,209,-15,170,0.02,Instance2,209,-35,170,0.98
Object1796,Instance1,317,-22,60,0.8,Instance2,317,-7,60,0.2
Object1797,Instance1,990,-47,60,0.82,Instance2,990,-46,60,0.18
Object1798,Instance1,306,-10,170,0.51,Instance2,306,-4,170,0.49
Object1799,Instance1,222,-12,160,0.71,Instance2,222,-26,160,0.29
Object1800,Instance1,913,-5,190,0.5,Instance2,913,-22,190,0.5
Object1801,Instance1,882,-27,80,0.95,Instance2,882,-8,80,0.05
Object1802,Instance1,354,-4,100,0.77,Instance2,354,-11,100,0.23
Object1803,Instance1,685,-19,190,0.13,Instance2,685,-16,190,0.87
Object1804,Instance1,730,-36,50,0.93,Instance2,730,-38,50,0.07
Object1805,Instance1,396,-41,90,0.5,Instance2,396,-13,90,0.5
Object1806,Instance1,680,-36,10,0.57,Instance2,680,-28,10,0.43
Object1807,Instance1,390,-16,110,0.87,Instance2,390,-17,110,0.13
Object1808,Instance1,757,-28,30,0.52,Instance2,757,-6,30,0.48
Object1809,Instance1,551,-26,100,0.76,Instance2,551,-8,100,0.24
Object1810,Instance1,3,-39,110,0.46,Instance2,3,-16,110,0.54
Object1811,Instance1,986,-31,190,0.95,Instance2,986,-1,190,0.05
Object1812,Instance1,507,-36,120,0.32,Instance2,507,-22,120,0.68
Object1813,Instance1,624,-7,190,0.13,Instance2,624,-22,190,0.87
Object1814,Instance1,264,-22,150,0.53,Instance2,264,-33,150,0.47
Object1815,Instance1,159,-32,70,0.72,Instance2,159,-1,70,0.28
Object1816,Instance1,544,-23,150,0.09,Instance2,544,-4,150,0.91
Object1817,Instance1,573,-12,70,0.81,Instance2,573,-7,70,0.19
Object1818,Instance1,870,-47,120,0.6,Instance2,870,-33,120,0.4
Object1819,Instance1,991,-1,70,0.73,Instance2,991,-18,70,0.27
Object1820,Instance1,213,-8,40,0.98,Instance2,213,-21,40,0.02
Object1821,Instance1,592,-36,190,0.14,Instance2,592,-13,190,0.86
Object1822,Instance1,52,-24,140,0.84,Instance2,52,-26,140,0.16
Object1823,Instance1,354,-9,190,0.03,Instance2,354,-42,190,0.97
Object1824,Instance1,106,-13,100,0.08,Instance2,106,-2,100,0.92
Object1825,Instance1,544,-21,150,0.54,Instance2,544,-42,150,0.46
Object1826,Instance1,408,-40,160,0.34,Instance2,408,-47,160,0.66
Object1827,Instance1,831,-10,80,0.59,Instance2,831,-3,80,0.41
Object1828,Instance1,940,-17,100,0.94,Instance2,940,-24,100,0.06
Object1829,Instance1,489,-19,70,0.25,Instance2,489,-10,70,0.75
Object1830,Instance1,558,-42,160,0.01,Instance2,558,-14,160,0.99
Object1831,Instance1,406,-12,190,0.26,Instance2,406,-15,190,0.74
Object1832,Instance1,889,-29,190,0.81,Instance2,889,-26,190,0.19
Object1833,Instance1,115,-26,40,0.19,Instance2,115,-17,40,0.81
Object1834,Instance1,628,-18,170,0.9,Instance2,628,-40,170,0.1
Object1835,Instance1,499,-28,70,0.44,Instance2,499,-50,70,0.56
Object1836,Instance1,838,-33,200,0.95,Instance2,838,-9,200,0.05
Object1837,Instance1,103,-36,30,0.4,Instance2,103,-38,30,0.6
Object1838,Instance1,431,-39,170,0.77,Instance2,431,-17,170,0.23
Object1839,Instance1,14,-2,80,0.32,Instance2,14,-42,80,0.68
Object1840,Instance1,937,-19,70,0.68,Instance2,937,-3,70,0.32
Object1841,Instance1,475,-45,100,0.92,Instance2,475,-24,100,0.08
Object1842,Instance1,276,-13,200,0.79,Instance2,276,-14,200,0.21
Object1843,Instance1,794,-35,180,0.95,Instance2,794,-27,180,0.05
Object1844,Instance1,744,-1,130,0.76,Instance2,744,-1,130,0.24
Object1845,Instance1,903,-36,50,0.19,Instance2,903,-13,50,0.81
Object1846,Instance1,143,-49,90,0.48,Instance2,143,-2,90,0.52
Object1847,Instance1,618,-36,190,0.41,Instance2,618,-43,190,0.59
Object1848,Instance1,534,-42,10,0.23,Instance2,534,-43,10,0.77
Object1849,Instance1,853,-40,80,0.09,Instance2,853,-7,80,0.91
Object1850,Instance1,705,-40,170,0.59,Instance2,705,-2,170,0.41
Object1851,Instance1,509,-9,140,0.03,Instance2,509,-46,140,0.97
Object1852,Instance1,602,-22,10,0.26,Instance2,602,-5,10,0.74
Object1853,Instance1,367,-9,90,0.96,Instance2,367,-28,90,0.04
Object1854,Instance1,576,-21,90,0.85,Instance2,576,-31,90,0.15
Object1855,Instance1,596,-6,80,0.73,Instance2,596,-41,80,0.27
Object1856,Instance1,829,-7,70,0.35,Instance2,829,-27,70,0.65
Object1857,Instance1,920,-12,40,0.22,Instance2,920,-39,40,0.78
Object1858,Instance1,816,-25,50,0.15,Instance2,816,-18,50,0.85
Object1859,Instance1,415,-28,120,0.78,Instance2,415,-8,120,0.22
Object1860,Instance1,869,-20,100,0.09,Instance2,869,-15,100,0.91
Object1861,Instance1,816,-36,30,0.83,Instance2,816,-13,30,0.17
Object1862,Instance1,187,-19,80,0.69,Instance2,187,-11,80,0.31
Object1863,Instance1,461,-4,90,0.31,Instance2,461,-41,90,0.69
Object1864,Instance1,499,-9,20,0.78,Instance2,499,-45,20,0.22
Object1865,Instance1,441,-4,140,0.83,Instance2,441,-15,140,0.17
Object1866,Instance1,838,-30,40,0.96,Instance2,838,-49,40,0.04
Object1867,Instance1,377,-12,150,0.32,Instance2,377,-44,150,0.68
Object1868,Instance1,402,-18,80,0.7,Instance2,402,-11,80,0.3
Object1869,Instance1,683,-25,100,0.95,Instance2,683,-50,100,0.05
Object1870,Instance1,328,-25,170,0.58,Instance2,328,-4,170,0.42
Object1871,Instance1,863,-50,20,0.65,Instance2,863,-1,20,0.35
Object1872,Instance1,510,-39,10,0.27,Instance2,510,-13,10,0.73
Object1873,Instance1,109,-29,80,0.04,Instance2,109,-28,80,0.96
Object1874,Instance1,267,-28,130,0.39,Instance2,267,-15,130,0.61
Object1875,Instance1,101,-41,20,0.56,Instance2,101,-24,20,0.44
Object1876,Instance1,27,-45,40,0.27,Instance2,27,-42,40,0.73
Object1877,Instance1,926,-5,30,0.57,Instance2,926,-20,30,0.43
Object1878,Instance1,255,-5,10,0.46,Instance2,255,-18,10,0.54
Object1879,Instance1,17,-33,190,0.09,Instance2,17,-18,190,0.91
Object1880,Instance1,790,-23,70,0.48,Instance2,790,-22,70,0.52
Object1881,Instance1,308,-42,30,0.97,Instance2,308,-48,30,0.03
Object1882,Instance1,230,-28,150,0.14,Instance2,230,-17,150,0.86
Object1883,Instance1,356,-18,100,0.97,Instance2,356,-14,100,0.03
Object1884,Instance1,178,-32,70,0.23,Instance2,178,-38,70,0.77
Object1885,Instance1,532,-15,90,0.49,Instance2,532,-15,90,0.51
Object1886,Instance1,933,-10,40,0.82,Instance2,933,-18,40,0.18
Object1887,Instance1,477,-37,30,0.79,Instance2,477,-28,30,0.21
Object1888,Instance1,739,-49,30,0.04,Instance2,739,-10,30,0.96
Object1889,Instance1,130,-32,190,0.84,Instance2,130,-32,190,0.16
Object1890,Instance1,652,-7,100,0.16,Instance2,652,-44,100,0.84
Object1891,Instance1,111,-5,110,0.84,Instance2,111,-21,110,0.16
Object1892,Instance1,523,-14,90,0.67,Instance2,523,-33,90,0.33
Object1893,Instance1,378,-6,110,0.47,Instance2,378,-10,110,0.53
Object1894,Instance1,549,-47,170,0.73,Instance2,549,-32,170,0.27
Object1895,Instance1,892,-8,120,0.88,Instance2,892,-27,120,0.12
Object1896,Instance1,290,-8,120,0.68,Instance2,290,-6,120,0.32
Object1897,Instance1,905,-30,30,0.18,Instance2,905,-45,30,0.82
Object1898,Instance1,120,-36,180,0.32,Instance2,120,-27,180,0.68
Object1899,Instance1,272,-39,90,0.72,Instance2,272,-7,90,0.28
Object1900,Instance1,120,-8,30,0.27,Instance2,120,-2,30,0.73
Object1901,Instance1,139,-4,180,0.82,Instance2,139,-42,180,0.18
Object1902,Instance1,724,-40,130,0.56,Instance2,724,-9,130,0.44
Object1903,Instance1,770,-28,10,0.78,Instance2,770,-18,10,0.22
Object1904,Instance1,172,-18,120,0.07,Instance2,172,-43,120,0.93
Object1905,Instance1,801,-27,70,0.08,Instance2,801,-31,70,0.92
Object1906,Instance1,29,-16,140,0.05,Instance2,29,-33,140,0.95
Object1907,Instance1,796,-14,100,0.34,Instance2,796,-6,100,0.66
Object1908,Instance1,828,-12,60,0.57,Instance2,828,-39,60,0.43
Object1909,Instance1,468,-33,110,0.52,Instance2,468,-1,110,0.48
Object1910,Instance1,18,-28,10,0.71,Instance2,18,-31,10,0.29
Object1911,Instance1,875,-34,180,0.23,Instance2,875,-48,180,0.77
Object1912,Instance1,166,-6,170,0.19,Instance2,166,-24,170,0.81
Object1913,Instance1,297,-32,200,0.33,Instance2,297,-12,200,0.67
Object1914,Instance1,352,-32,20,0.78,Instance2,352,-34,20,0.22
Object1915,Instance1,838,-33,10,0.45,Instance2,838,-47,10,0.55
Object1916,Instance1,232,-50,60,0.84,Instance2,232,-27,60,0.16
Object1917,Instance1,648,-31,110,0.97,Instance2,648,-16,110,0.03
Object1918,Instance1,684,-17,20,0.56,Instance2,684,-43,20,0.44
Object1919,Instance1,349,-26,90,0.58,Instance2,349,-4,90,0.42
Object1920,Instance1,269,-4,20,0.92,Instance2,269,-5,20,0.08
Object1921,Instance1,473,-31,30,0.27,Instance2,473,-2,30,0.73
Object1922,Instance1,450,-50,180,0.38,Instance2,450,-40,180,0.62
Object1923,Instance1,685,-30,150,0.31,Instance2,685,-38,150,0.69
Object1924,Instance1,966,-23,100,0.19,Instance2,966,-22,100,0.81
Object1925,Instance1,246,-38,100,0.81,Instance2,246,-12,100,0.19
Object1926,Instance1,758,-36,120,0.83,Instance2,758,-7,120,0.17
Object1927,Instance1,366,-31,200,0.96,Instance2,366,-44,200,0.04
Object1928,Instance1,421,-49,100,0.22,Instance2,421,-16,100,0.78
Object1929,Instance1,934,-48,150,0.59,Instance2,934,-34,150,0.41
Object1930,Instance1,566,-47,140,0.42,Instance2,566,-33,140,0.58
Object1931,Instance1,599,-27,40,0.73,Instance2,599,-30,40,0.27
Object1932,Instance1,8,-2,80,1.0,Instance2,8,-45,80,0.0
Object1933,Instance1,308,-24,10,0.45,Instance2,308,-38,10,0.55
Object1934,Instance1,443,-15,190,0.87,Instance2,443,-22,190,0.13
Object1935,Instance1,199,-44,90,0.14,Instance2,199,-30,90,0.86
Object1936,Instance1,522,-40,60,0.26,Instance2,522,-6,60,0.74
Object1937,Instance1,978,-50,70,0.23,Instance2,978,-22,70,0.77
Object1938,Instance1,199,-13,70,0.1,Instance2,199,-47,70,0.9
Object1939,Instance1,463,-49,120,0.78,Instance2,463,-26,120,0.22
Object1940,Instance1,507,-33,20,0.25,Instance2,507,-8,20,0.75
Object1941,Instance1,787,-23,140,0.53,Instance2,787,-47,140,0.47
Object1942,Instance1,237,-34,10,0.29,Instance2,237,-20,10,0.71
Object1943,Instance1,906,-44,50,0.93,Instance2,906,-18,50,0.07
Object1944,Instance1,298,-48,90,0.19,Instance2,298,-19,90,0.81
Object1945,Instance1,735,-2,50,0.16,Instance2,735,-1,50,0.84
Object1946,Instance1,968,-20,170,0.36,Instance2,968,-5,170,0.64
Object1947,Instance1,234,-13,10,0.56,Instance2,234,-11,10,0.44
Object1948,Instance1,669,-31,150,0.33,Instance2,669,-42,150,0.67
Object1949,Instance1,868,-27,140,0.62,Instance2,868,-12,140,0.38
Object1950,Instance1,501,-32,20,0.84,Instance2,501,-10,20,0.16
Object1951,Instance1,901,-14,70,0.47,Instance2,901,-47,70,0.53
Object1952,Instance1,774,-3,90,0.99,Instance2,774,-50,90,0.01
Object1953,Instance1,219,-33,160,0.26,Instance2,219,-22,160,0.74
Object1954,Instance1,259,-14,50,0.05,Instance2,259,-17,50,0.95
Object1955,Instance1,885,-35,150,0.79,Instance2,885,-7,150,0.21
Object1956,Instance1,438,-6,200,0.94,Instance2,438,-19,200,0.06
Object1957,Instance1,937,-32,180,0.8,Instance2,937,-18,180,0.2
Object1958,Instance1,152,-12,30,0.56,Instance2,152,-45,30,0.44
Object1959,Instance1,417,-14,120,0.48,Instance2,417,-7,120,0.52
Object1960,Instance1,387,-49,180,0.23,Instance2,387,-24,180,0.77
Object1961,Instance1,881,-50,40,0.2,Instance2,881,-13,40,0.8
Object1962,Instance1,79,-26,30,0.99,Instance2,79,-39,30,0.01
Object1963,Instance1,100,-15,90,0.38,Instance2,100,-35,90,0.62
Object1964,Instance1,657,-1,160,0.01,Instance2,657,-43,160,0.99
Object1965,Instance1,909,-42,140,0.82,Instance2,909,-12,140,0.18
Object1966,Instance1,274,-12,190,0.75,Instance2,274,-40,190,0.25
Object1967,Instance1,174,-42,20,0.12,Instance2,174,-50,20,0.88
Object1968,Instance1,867,-4,120,0.63,Instance2,867,-33,120,0.37
Object1969,Instance1,893,-31,130,0.8,Instance2,893,-41,130,0.2
Object1970,Instance1,865,-35,90,0.12,Instance2,865,-45,90,0.88
Object1971,Instance1,399,-38,110,0.79,Instance2,399,-22,110,0.21
Object1972,Instance1,258,-3,110,0.95,Instance2,258,-3,110,0.05
Object1973,Instance1,101,-1,20,0.41,Instance2,101,-19,20,0.59
Object1974,Instance1,554,-45,80,0.11,Instance2,554,-8,80,0.89
Object1975,Instance1,867,-32,200,0.84,Instance2,867,-15,200,0.16
Object1976,Instance1,76,-16,200,0.54,Instance2,76,-28,200,0.46
Object1977,Instance1,698,-5,10,0.36,Instance2,698,-15,10,0.64
Object1978,Instance1,995,-10,190,0.93,Instance2,995,-8,190,0.07
Object1979,Instance1,268,-42,100,0.83,Instance2,268,-27,100,0.17
Object1980,Instance1,980,-39,10,0.55,Instance2,980,-24,10,0.45
Object1981,Instance1,993,-39,100,0.11,Instance2,993,-50,100,0.89
Object1982,Instance1,265,-40,100,0.58,Instance2,265,-6,100,0.42
Object1983,Instance1,232,-32,30,0.4,Instance2,232,-50,30,0.6
Object1984,Instance1,237,-24,60,0.45,Instance2,237,-41,60,0.55
Object1985,Instance1,866,-36,180,0.51,Instance2,866,-39,180,0.49
Object1986,Instance1,88,-4,170,0.05,Instance2,88,-47,170,0.95
Object1987,Instance1,485,-10,80,0.03,Instance2,485,-23,80,0.97
Object1988,Instance1,847,-37,70,0.37,Instance2,847,-21,70,0.63
Object1989,Instance1,250,-12,40,0.68,Instance2,250,-46,40,0.32
Object1990,Instance1,868,-32,80,0.58,Instance2,868,-18,80,0.42
Object1991,Instance1,888,-12,40,0.74,Instance2,888,-9,40,0.26
Object1992,Instance1,943,-13,130,0.83,Instance2,943,-31,130,0.17
Object1993,Instance1,350,-40,170,0.9,Instance2,350,-15,170,0.1
Object1994,Instance1,931,-34,70,0.74,Instance2,931,-8,70,0.26
Object1995,Instance1,319,-11,200,0.11,Instance2,319,-9,200,0.89
Object1996,Instance1,305,-11,100,0.16,Instance2,305,-30,100,0.84
Object1997,Instance1,207,-17,170,0.59,Instance2,207,-49,170,0.41
Object1998,Instance1,750,-1,80,0.09,Instance2,750,-4,80,0.91
Object1999,Instance1,256,-42,60,0.15,Instance2,256,-31,60,0.85
Object2000,Instance1,889,-25,180,0.52,Instance2,889,-40,180,0.48
Object2001,Instance1,831,-37,60,0.55,Instance2,831,-39,60,0.45
Object2002,Instance1,133,-45,140,0.65,Instance2,133,-27,140,0.35
Object2003,Instance1,170,-45,90,0.39,Instance2,170,-29,90,0.61
Object2004,Instance1,258,-17,180,0.92,Instance2,258,-44,180,0.08
Object2005,Instance1,626,-35,50,0.39,Instance2,626,-22,50,0.61
Object2006,Instance1,81,-42,80,0.85,Instance2,81,-13,80,0.15
Object2007,Instance1,743,-29,190,0.05,Instance2,743,-18,190,0.95
Object2008,Instance1,761,-22,140,0.72,Instance2,761,-45,140,0.28
Object2009,Instance1,417,-42,150,0.03,Instance2,417,-31,150,0.97
Object2010,Instance1,142,-21,110,0.48,Instance2,142,-23,110,0.52
Object2011,Instance1,52,-35,150,0.69,Instance2,52,-19,150,0.31
Object2012,Instance1,72,-1,190,0.06,Instance2,72,-25,190,0.94
Object2013,Instance1,129,-2,130,0.12,Instance2,129,-47,130,0.88
Object2014,Instance1,985,-48,130,0.06,Instance2,985,-49,130,0.94
Object2015,Instance1,725,-45,160,0.95,Instance2,725,-35,160,0.05
Object2016,Instance1,65,-22,30,0.38,Instance2,65,-19,30,0.62
Object2017,Instance1,91,-2,90,0.56,Instance2,91,-24,90,0.44
Object2018,Instance1,313,-38,100,0.13,Instance2,313,-28,100,0.87
Object2019,Instance1,554,-24,140,1.0,Instance2,554,-30,140,0.0
Object2020,Instance1,365,-1,30,0.86,Instance2,365,-48,30,0.14
Object2021,Instance1,877,-37,30,0.34,Instance2,877,-49,30,0.66
Object2022,Instance1,997,-7,120,0.09,Instance2,997,-39,120,0.91
Object2023,Instance1,600,-14,30,0.67,Instance2,600,-23,30,0.33
Object2024,Instance1,930,-9,110,0.33,Instance2,930,-18,110,0.67
Object2025,Instance1,832,-28,110,0.76,Instance2,832,-29,110,0.24
Object2026,Instance1,305,-45,200,0.94,Instance2,305,-38,200,0.06
Object2027,Instance1,34,-8,40,0.77,Instance2,34,-19,40,0.23
Object2028,Instance1,404,-42,40,0.22,Instance2,404,-15,40,0.78
Object2029,Instance1,740,-37,80,0.96,Instance2,740,-45,80,0.04
Object2030,Instance1,339,-28,130,0.55,Instance2,339,-38,130,0.45
Object2031,Instance1,563,-22,90,0.45,Instance2,563,-45,90,0.55
Object2032,Instance1,150,-42,200,0.4,Instance2,150,-18,200,0.6
Object2033,Instance1,169,-47,170,0.34,Instance2,169,-10,170,0.66
Object2034,Instance1,919,-44,170,0.98,Instance2,919,-17,170,0.02
Object2035,Instance1,518,-47,170,0.73,Instance2,518,-38,170,0.27
Object2036,Instance1,654,-3,160,0.57,Instance2,654,-19,160,0.43
Object2037,Instance1,733,-42,90,0.91,Instance2,733,-1,90,0.09
Object2038,Instance1,784,-5,140,0.26,Instance2,784,-3,140,0.74
Object2039,Instance1,212,-29,10,0.51,Instance2,212,-29,10,0.49
Object2040,Instance1,137,-16,180,0.55,Instance2,137,-12,180,0.45
Object2041,Instance1,198,-2,80,0.14,Instance2,198,-29,80,0.86
Object2042,Instance1,765,-3,130,0.34,Instance2,765,-13,130,0.66
Object2043,Instance1,833,-13,90,0.62,Instance2,833,-47,90,0.38
Object2044,Instance1,847,-46,190,0.4,Instance2,847,-3,190,0.6
Object2045,Instance1,605,-35,40,0.88,Instance2,605,-35,40,0.12
Object2046,Instance1,916,-39,50,0.12,Instance2,916,-35,50,0.88
Object2047,Instance1,456,-34,130,0.21,Instance2,456,-5,130,0.79
Object2048,Instance1,115,-19,70,0.36,Instance2,115,-39,70,0.64
Object2049,Instance1,359,-21,190,0.94,Instance2,359,-7,190,0.06
Object2050,Instance1,111,-45,30,0.39,Instance2,111,-31,30,0.61
Object2051,Instance1,558,-11,110,0.05,Instance2,558,-40,110,0.95
Object2052,Instance1,957,-10,150,0.05,Instance2,957,-28,150,0.95
Object2053,Instance1,282,-24,160,0.48,Instance2,282,-2,160,0.52
Object2054,Instance1,577,-26,180,0.96,Instance2,577,-50,180,0.04
Object2055,Instance1,586,-46,90,0.54,Instance2,586,-29,90,0.46
Object2056,Instance1,485,-20,80,0.47,Instance2,485,-21,80,0.53
Object2057,Instance1,705,-30,150,0.36,Instance2,705,-13,150,0.64
Object2058,Instance1,554,-45,70,0.32,Instance2,554,-48,70,0.68
Object2059,Instance1,777,-29,70,0.34,Instance2,777,-22,70,0.66
Object2060,Instance1,500,-34,140,0.04,Instance2,500,-7,140,0.96
Object2061,Instance1,875,-16,50,0.96,Instance2,875,-38,50,0.04
Object2062,Instance1,886,-38,110,0.89,Instance2,886,-38,110,0.11
Object2063,Instance1,552,-32,150,0.48,Instance2,552,-41,150,0.52
Object2064,Instance1,91,-5,30,0.38,Instance2,91,-31,30,0.62
Object2065,Instance1,367,-16,10,0.58,Instance2,367,-21,10,0.42
Object2066,Instance1,192,-13,100,0.3,Instance2,192,-22,100,0.7
Object2067,Instance1,266,-39,30,0.55,Instance2,266,-8,30,0.45
Object2068,Instance1,469,-20,150,0.53,Instance2,469,-39,150,0.47
Object2069,Instance1,133,-35,40,0.77,Instance2,133,-17,40,0.23
Object2070,Instance1,157,-33,160,0.21,Instance2,157,-5,160,0.79
Object2071,Instance1,5,-37,190,0.59,Instance2,5,-13,190,0.41
Object2072,Instance1,263,-24,70,0.15,Instance2,263,-38,70,0.85
Object2073,Instance1,947,-23,80,0.45,Instance2,947,-35,80,0.55
Object2074,Instance1,448,-35,180,0.12,Instance2,448,-34,180,0.88
Object2075,Instance1,32,-37,140,0.15,Instance2,32,-29,140,0.85
Object2076,Instance1,207,-35,150,0.68,Instance2,207,-10,150,0.32
Object2077,Instance1,297,-26,100,0.91,Instance2,297,-41,100,0.09
Object2078,Instance1,13,-37,200,0.27,Instance2,13,-13,200,0.73
Object2079,Instance1,542,-5,80,0.31,Instance2,542,-26,80,0.69
Object2080,Instance1,835,-40,40,0.61,Instance2,835,-49,40,0.39
Object2081,Instance1,665,-24,170,0.59,Instance2,665,-3,170,0.41
Object2082,Instance1,490,-47,110,0.49,Instance2,490,-30,110,0.51
Object2083,Instance1,431,-42,60,0.43,Instance2,431,-6,60,0.57
Object2084,Instance1,376,-13,30,0.75,Instance2,376,-49,30,0.25
Object2085,Instance1,618,-50,100,0.28,Instance2,618,-20,100,0.72
Object2086,Instance1,883,-35,160,0.97,Instance2,883,-40,160,0.03
Object2087,Instance1,779,-13,150,0.81,Instance2,779,-22,150,0.19
Object2088,Instance1,349,-44,20,0.97,Instance2,349,-1,20,0.03
Object2089,Instance1,274,-45,160,0.88,Instance2,274,-21,160,0.12
Object2090,Instance1,631,-12,150,0.98,Instance2,631,-12,150,0.02
Object2091,Instance1,239,-8,50,0.9,Instance2,239,-20,50,0.1
Object2092,Instance1,928,-50,110,0.57,Instance2,928,-26,110,0.43
Object2093,Instance1,51,-47,50,0.85,Instance2,51,-44,50,0.15
Object2094,Instance1,247,-41,60,0.66,Instance2,247,-28,60,0.34
Object2095,Instance1,550,-41,190,0.52,Instance2,550,-28,190,0.48
Object2096,Instance1,298,-40,80,0.35,Instance2,298,-43,80,0.65
Object2097,Instance1,246,-36,120,0.43,Instance2,246,-11,120,0.57
Object2098,Instance1,609,-41,170,0.34,Instance2,609,-38,170,0.66
Object2099,Instance1,697,-44,190,0.26,Instance2,697,-10,190,0.74
Object2100,Instance1,394,-38,30,0.62,Instance2,394,-37,30,0.38
Object2101,Instance1,291,-47,110,0.33,Instance2,291,-46,110,0.67
Object2102,Instance1,23,-24,170,0.92,Instance2,23,-32,170,0.08
Object2103,Instance1,921,-25,10,0.81,Instance2,921,-20,10,0.19
Object2104,Instance1,494,-40,80,0.53,Instance2,494,-49,80,0.47
Object2105,Instance1,11,-21,180,0.64,Instance2,11,-15,180,0.36
Object2106,Instance1,951,-33,200,0.05,Instance2,951,-8,200,0.95
Object2107,Instance1,321,-13,180,0.72,Instance2,321,-36,180,0.28
Object2108,Instance1,720,-8,160,0.13,Instance2,720,-17,160,0.87
Object2109,Instance1,507,-12,120,0.19,Instance2,507,-47,120,0.81
Object2110,Instance1,929,-50,190,0.18,Instance2,929,-11,190,0.82
Object2111,Instance1,666,-10,120,0.58,Instance2,666,-37,120,0.42
Object2112,Instance1,195,-7,90,0.52,Instance2,195,-5,90,0.48
Object2113,Instance1,870,-21,150,0.97,Instance2,870,-36,150,0.03
Object2114,Instance1,773,-27,170,0.23,Instance2,773,-26,170,0.77
Object2115,Instance1,803,-32,80,0.75,Instance2,803,-50,80,0.25
Object2116,Instance1,761,-24,130,0.98,Instance2,761,-11,130,0.02
Object2117,Instance1,593,-22,70,0.92,Instance2,593,-10,70,0.08
Object2118,Instance1,151,-26,100,0.67,Instance2,151,-31,100,0.33
Object2119,Instance1,924,-20,40,0.0,Instance2,924,-19,40,1.0
Object2120,Instance1,808,-22,70,0.93,Instance2,808,-16,70,0.07
Object2121,Instance1,835,-35,50,0.27,Instance2,835,-30,50,0.73
Object2122,Instance1,638,-21,80,0.08,Instance2,638,-49,80,0.92
Object2123,Instance1,724,-5,160,0.59,Instance2,724,-19,160,0.41
Object2124,Instance1,883,-31,20,0.08,Instance2,883,-35,20,0.92
Object2125,Instance1,695,-14,90,0.27,Instance2,695,-15,90,0.73
Object2126,Instance1,164,-29,160,0.21,Instance2,164,-13,160,0.79
Object2127,Instance1,825,-18,60,0.86,Instance2,825,-15,60,0.14
Object2128,Instance1,610,-35,170,0.28,Instance2,610,-9,170,0.72
Object2129,Instance1,982,-7,200,0.42,Instance2,982,-1,200,0.58
Object2130,Instance1,738,-11,130,0.29,Instance2,738,-2,130,0.71
Object2131,Instance1,299,-7,80,0.93,Instance2,299,-28,80,0.07
Object2132,Instance1,813,-22,10,0.74,Instance2,813,-25,10,0.26
Object2133,Instance1,341,-25,50,0.56,Instance2,341,-10,50,0.44
Object2134,Instance1,105,-16,150,0.33,Instance2,105,-28,150,0.67
Object2135,Instance1,806,-34,150,0.78,Instance2,806,-26,150,0.22
Object2136,Instance1,128,-38,150,0.65,Instance2,128,-40,150,0.35
Object2137,Instance1,150,-27,70,1.0,Instance2,150,-9,70,0.0
Object2138,Instance1,100,-5,20,0.91,Instance2,100,-4,20,0.09
Object2139,Instance1,735,-9,90,0.83,Instance2,735,-17,90,0.17
Object2140,Instance1,654,-9,100,0.7,Instance2,654,-50,100,0.3
Object2141,Instance1,681,-29,200,0.67,Instance2,681,-38,200,0.33
Object2142,Instance1,570,-49,80,0.81,Instance2,570,-19,80,0.19
Object2143,Instance1,900,-23,80,0.79,Instance2,900,-7,80,0.21
Object2144,Instance1,606,-39,150,0.0,Instance2,606,-30,150,1.0
Object2145,Instance1,86,-25,30,0.9,Instance2,86,-2,30,0.1
Object2146,Instance1,418,-7,190,0.75,Instance2,418,-26,190,0.25
Object2147,Instance1,453,-35,130,0.96,Instance2,453,-31,130,0.04
Object2148,Instance1,180,-46,170,0.65,Instance2,180,-25,170,0.35
Object2149,Instance1,999,-9,170,0.27,Instance2,999,-27,170,0.73
Object2150,Instance1,326,-3,90,0.87,Instance2,326,-29,90,0.13
Object2151,Instance1,104,-32,140,0.05,Instance2,104,-8,140,0.95
Object2152,Instance1,704,-45,20,0.93,Instance2,704,-12,20,0.07
Object2153,Instance1,316,-42,60,0.76,Instance2,316,-11,60,0.24
Object2154,Instance1,503,-30,120,0.09,Instance2,503,-26,120,0.91
Object2155,Instance1,409,-45,80,0.43,Instance2,409,-45,80,0.57
Object2156,Instance1,203,-40,140,0.22,Instance2,203,-40,140,0.78
Object2157,Instance1,38,-23,70,0.57,Instance2,38,-11,70,0.43
Object2158,Instance1,722,-48,50,0.02,Instance2,722,-35,50,0.98
Object2159,Instance1,852,-11,130,0.72,Instance2,852,-13,130,0.28
Object2160,Instance1,743,-29,20,0.4,Instance2,743,-48,20,0.6
Object2161,Instance1,785,-45,20,0.52,Instance2,785,-11,20,0.48
Object2162,Instance1,647,-43,140,0.95,Instance2,647,-41,140,0.05
Object2163,Instance1,268,-29,30,0.32,Instance2,268,-2,30,0.68
Object2164,Instance1,75,-10,50,0.2,Instance2,75,-39,50,0.8
Object2165,Instance1,139,-22,120,0.51,Instance2,139,-19,120,0.49
Object2166,Instance1,765,-19,170,0.91,Instance2,765,-47,170,0.09
Object2167,Instance1,752,-23,150,0.67,Instance2,752,-44,150,0.33
Object2168,Instance1,430,-2,40,0.94,Instance2,430,-31,40,0.06
Object2169,Instance1,750,-19,120,0.42,Instance2,750,-30,120,0.58
Object2170,Instance1,339,-19,50,0.74,Instance2,339,-36,50,0.26
Object2171,Instance1,351,-4,150,0.76,Instance2,351,-38,150,0.24
Object2172,Instance1,846,-38,170,0.32,Instance2,846,-34,170,0.68
Object2173,Instance1,349,-39,40,0.75,Instance2,349,-39,40,0.25
Object2174,Instance1,522,-38,70,0.03,Instance2,522,-23,70,0.97
Object2175,Instance1,419,-25,30,0.15,Instance2,419,-47,30,0.85
Object2176,Instance1,765,-16,190,0.2,Instance2,765,-24,190,0.8
Object2177,Instance1,415,-1,150,0.6,Instance2,415,-24,150,0.4
Object2178,Instance1,422,-33,200,0.97,Instance2,422,-25,200,0.03
Object2179,Instance1,784,-1,140,0.23,Instance2,784,-11,140,0.77
Object2180,Instance1,714,-11,190,0.93,Instance2,714,-34,190,0.07
Object2181,Instance1,160,-41,40,0.08,Instance2,160,-14,40,0.92
Object2182,Instance1,321,-16,20,0.85,Instance2,321,-28,20,0.15
Object2183,Instance1,486,-9,10,0.81,Instance2,486,-33,10,0.19
Object2184,Instance1,32,-21,110,0.48,Instance2,32,-9,110,0.52
Object2185,Instance1,796,-22,60,0.58,Instance2,796,-44,60,0.42
Object2186,Instance1,193,-36,30,0.65,Instance2,193,-44,30,0.35
Object2187,Instance1,565,-16,50,0.49,Instance2,565,-39,50,0.51
Object2188,Instance1,794,-18,10,0.89,Instance2,794,-4,10,0.11
Object2189,Instance1,839,-21,160,0.03,Instance2,839,-21,160,0.97
Object2190,Instance1,829,-1,190,0.74,Instance2,829,-39,190,0.26
Object2191,Instance1,886,-23,40,0.19,Instance2,886,-26,40,0.81
Object2192,Instance1,326,-20,110,0.25,Instance2,326,-12,110,0.75
Object2193,Instance1,937,-2,90,0.37,Instance2,937,-18,90,0.63
Object2194,Instance1,872,-13,70,0.1,Instance2,872,-49,70,0.9
Object2195,Instance1,151,-33,10,0.75,Instance2,151,-16,10,0.25
Object2196,Instance1,287,-18,190,0.22,Instance2,287,-14,190,0.78
Object2197,Instance1,99,-22,150,0.12,Instance2,99,-50,150,0.88
Object2198,Instance1,933,-29,200,0.37,Instance2,933,-6,200,0.63
Object2199,Instance1,129,-4,10,1.0,Instance2,129,-31,10,0.0
Object2200,Instance1,248,-35,140,0.91,Instance2,248,-37,140,0.09
Object2201,Instance1,52,-19,40,1.0,Instance2,52,-6,40,0.0
Object2202,Instance1,488,-48,200,0.23,Instance2,488,-11,200,0.77
Object2203,Instance1,891,-49,30,0.63,Instance2,891,-2,30,0.37
Object2204,Instance1,313,-43,60,0.02,Instance2,313,-20,60,0.98
Object2205,Instance1,271,-19,20,0.74,Instance2,271,-17,20,0.26
Object2206,Instance1,314,-23,20,0.36,Instance2,314,-27,20,0.64
Object2207,Instance1,225,-29,200,0.17,Instance2,225,-42,200,0.83
Object2208,Instance1,673,-10,40,0.67,Instance2,673,-31,40,0.33
Object2209,Instance1,103,-44,200,0.62,Instance2,103,-27,200,0.38
Object2210,Instance1,994,-12,190,0.78,Instance2,994,-37,190,0.22
Object2211,Instance1,932,-31,180,0.45,Instance2,932,-15,180,0.55
Object2212,Instance1,280,-34,70,0.92,Instance2,280,-21,70,0.08
Object2213,Instance1,930,-39,190,0.16,Instance2,930,-36,190,0.84
Object2214,Instance1,497,-39,60,0.91,Instance2,497,-45,60,0.09
Object2215,Instance1,173,-13,100,0.32,Instance2,173,-41,100,0.68
Object2216,Instance1,400,-46,100,0.91,Instance2,400,-25,100,0.09
Object2217,Instance1,904,-44,30,0.5,Instance2,904,-1,30,0.5
Object2218,Instance1,134,-35,150,0.89,Instance2,134,-45,150,0.11
Object2219,Instance1,51,-25,100,0.56,Instance2,51,-43,100,0.44
Object2220,Instance1,364,-32,10,0.62,Instance2,364,-38,10,0.38
Object2221,Instance1,317,-43,200,0.36,Instance2,317,-31,200,0.64
Object2222,Instance1,684,-14,80,0.56,Instance2,684,-29,80,0.44
Object2223,Instance1,431,-1,60,0.63,Instance2,431,-25,60,0.37
Object2224,Instance1,51,-37,60,0.72,Instance2,51,-38,60,0.28
Object2225,Instance1,338,-35,10,0.94,Instance2,338,-23,10,0.06
Object2226,Instance1,13,-9,160,0.77,Instance2,13,-45,160,0.23
Object2227,Instance1,897,-49,10,0.91,Instance2,897,-50,10,0.09
Object2228,Instance1,551,-24,190,0.14,Instance2,551,-42,190,0.86
Object2229,Instance1,774,-20,40,0.44,Instance2,774,-5,40,0.56
Object2230,Instance1,687,-8,180,0.02,Instance2,687,-24,180,0.98
Object2231,Instance1,363,-6,40,0.19,Instance2,363,-12,40,0.81
Object2232,Instance1,190,-19,20,0.84,Instance2,190,-18,20,0.16
Object2233,Instance1,162,-25,160,0.77,Instance2,162,-15,160,0.23
Object2234,Instance1,636,-34,80,0.94,Instance2,636,-22,80,0.06
Object2235,Instance1,145,-25,200,0.49,Instance2,145,-13,200,0.51
Object2236,Instance1,161,-24,120,0.07,Instance2,161,-35,120,0.93
Object2237,Instance1,740,-29,30,0.28,Instance2,740,-23,30,0.72
Object2238,Instance1,457,-46,150,0.75,Instance2,457,-20,150,0.25
Object2239,Instance1,224,-19,150,0.79,Instance2,224,-6,150,0.21
Object2240,Instance1,165,-39,80,0.69,Instance2,165,-15,80,0.31
Object2241,Instance1,152,-35,200,0.16,Instance2,152,-20,200,0.84
Object2242,Instance1,2,-32,150,0.45,Instance2,2,-6,150,0.55
Object2243,Instance1,149,-13,160,0.6,Instance2,149,-23,160,0.4
Object2244,Instance1,596,-19,30,0.87,Instance2,596,-45,30,0.13
Object2245,Instance1,486,-14,130,0.57,Instance2,486,-14,130,0.43
Object2246,Instance1,203,-43,50,0.9,Instance2,203,-1,50,0.1
Object2247,Instance1,714,-45,170,0.56,Instance2,714,-49,170,0.44
Object2248,Instance1,470,-30,200,0.21,Instance2,470,-28,200,0.79
Object2249,Instance1,750,-3,110,0.42,Instance2,750,-27,110,0.58
Object2250,Instance1,793,-27,100,0.72,Instance2,793,-19,100,0.28
Object2251,Instance1,332,-20,170,0.77,Instance2,332,-5,170,0.23
Object2252,Instance1,694,-2,160,0.71,Instance2,694,-31,160,0.29
Object2253,Instance1,614,-18,20,0.88,Instance2,614,-31,20,0.12
Object2254,Instance1,881,-2,70,0.64,Instance2,881,-22,70,0.36
Object2255,Instance1,601,-2,100,0.41,Instance2,601,-47,100,0.59
Object2256,Instance1,715,-47,170,0.51,Instance2,715,-3,170,0.49
Object2257,Instance1,368,-24,50,0.92,Instance2,368,-5,50,0.08
Object2258,Instance1,20,-41,200,0.6,Instance2,20,-30,200,0.4
Object2259,Instance1,380,-40,180,0.92,Instance2,380,-10,180,0.08
Object2260,Instance1,46,-8,40,0.62,Instance2,46,-12,40,0.38
Object2261,Instance1,839,-7,50,0.14,Instance2,839,-42,50,0.86
Object2262,Instance1,474,-37,120,0.37,Instance2,474,-26,120,0.63
Object2263,Instance1,78,-46,20,0.04,Instance2,78,-2,20,0.96
Object2264,Instance1,221,-48,30,0.27,Instance2,221,-12,30,0.73
Object2265,Instance1,682,-35,150,0.38,Instance2,682,-25,150,0.62
Object2266,Instance1,834,-32,10,0.51,Instance2,834,-33,10,0.49
Object2267,Instance1,853,-39,150,0.69,Instance2,853,-22,150,0.31
Object2268,Instance1,385,-15,110,0.99,Instance2,385,-45,110,0.01
Object2269,Instance1,700,-49,130,0.25,Instance2,700,-25,130,0.75
Object2270,Instance1,96,-30,180,0.97,Instance2,96,-22,180,0.03
Object2271,Instance1,652,-11,50,0.99,Instance2,652,-11,50,0.01
Object2272,Instance1,229,-18,190,0.27,Instance2,229,-34,190,0.73
Object2273,Instance1,31,-12,20,0.26,Instance2,31,-49,20,0.74
Object2274,Instance1,128,-7,170,0.06,Instance2,128,-29,170,0.94
Object2275,Instance1,365,-15,60,0.44,Instance2,365,-40,60,0.56
Object2276,Instance1,179,-20,40,0.97,Instance2,179,-30,40,0.03
Object2277,Instance1,854,-18,70,0.64,Instance2,854,-18,70,0.36
Object2278,Instance1,407,-34,50,0.0,Instance2,407,-2,50,1.0
Object2279,Instance1,61,-32,110,0.55,Instance2,61,-48,110,0.45
Object2280,Instance1,149,-12,10,0.91,Instance2,149,-19,10,0.09
Object2281,Instance1,876,-7,40,0.96,Instance2,876,-18,40,0.04
Object2282,Instance1,502,-24,40,0.13,Instance2,502,-29,40,0.87
Object2283,Instance1,788,-49,40,0.29,Instance2,788,-47,40,0.71
Object2284,Instance1,991,-3,130,0.1,Instance2,991,-14,130,0.9
Object2285,Instance1,337,-26,180,0.16,Instance2,337,-25,180,0.84
Object2286,Instance1,639,-12,140,0.13,Instance2,639,-8,140,0.87
Object2287,Instance1,702,-46,110,0.54,Instance2,702,-8,110,0.46
Object2288,Instance1,719,-11,30,0.96,Instance2,719,-19,30,0.04
Object2289,Instance1,960,-42,10,0.3,Instance2,960,-40,10,0.7
Object2290,Instance1,268,-40,70,0.75,Instance2,268,-49,70,0.25
Object2291,Instance1,492,-22,130,0.57,Instance2,492,-25,130,0.43
Object2292,Instance1,542,-25,10,0.1,Instance2,542,-7,10,0.9
Object2293,Instance1,333,-34,120,0.35,Instance2,333,-31,120,0.65
Object2294,Instance1,8,-4,170,0.76,Instance2,8,-3,170,0.24
Object2295,Instance1,682,-6,160,0.06,Instance2,682,-25,160,0.94
Object2296,Instance1,996,-46,50,0.12,Instance2,996,-31,50,0.88
Object2297,Instance1,132,-12,10,0.07,Instance2,132,-44,10,0.93
Object2298,Instance1,550,-20,120,0.76,Instance2,550,-23,120,0.24
Object2299,Instance1,564,-1,200,0.44,Instance2,564,-23,200,0.56
Object2300,Instance1,985,-26,40,0.88,Instance2,985,-34,40,0.12
Object2301,Instance1,438,-43,140,0.26,Instance2,438,-32,140,0.74
Object2302,Instance1,227,-29,20,0.26,Instance2,227,-11,20,0.74
Object2303,Instance1,856,-6,100,0.68,Instance2,856,-8,100,0.32
Object2304,Instance1,176,-14,80,0.01,Instance2,176,-7,80,0.99
Object2305,Instance1,966,-10,150,0.19,Instance2,966,-47,150,0.81
Object2306,Instance1,945,-20,60,0.06,Instance2,945,-49,60,0.94
Object2307,Instance1,206,-27,150,0.14,Instance2,206,-38,150,0.86
Object2308,Instance1,114,-22,70,0.94,Instance2,114,-26,70,0.06
Object2309,Instance1,218,-2,110,0.74,Instance2,218,-30,110,0.26
Object2310,Instance1,839,-27,100,0.27,Instance2,839,-33,100,0.73
Object2311,Instance1,523,-7,70,0.16,Instance2,523,-2,70,0.84
Object2312,Instance1,65,-2,10,0.42,Instance2,65,-40,10,0.58
Object2313,Instance1,312,-31,70,0.54,Instance2,312,-13,70,0.46
Object2314,Instance1,834,-49,200,0.72,Instance2,834,-24,200,0.28
Object2315,Instance1,173,-2,180,0.21,Instance2,173,-36,180,0.79
Object2316,Instance1,981,-22,180,0.88,Instance2,981,-5,180,0.12
Object2317,Instance1,210,-35,200,0.82,Instance2,210,-49,200,0.18
Object2318,Instance1,877,-42,190,0.49,Instance2,877,-35,190,0.51
Object2319,Instance1,27,-34,90,0.48,Instance2,27,-17,90,0.52
Object2320,Instance1,9,-9,10,0.22,Instance2,9,-29,10,0.78
Object2321,Instance1,419,-30,30,0.22,Instance2,419,-6,30,0.78
Object2322,Instance1,775,-26,20,0.3,Instance2,775,-15,20,0.7
Object2323,Instance1,104,-34,160,0.11,Instance2,104,-46,160,0.89
Object2324,Instance1,160,-34,60,0.08,Instance2,160,-22,60,0.92
Object2325,Instance1,374,-31,130,0.61,Instance2,374,-43,130,0.39
Object2326,Instance1,576,-30,90,0.98,Instance2,576,-14,90,0.02
Object2327,Instance1,594,-6,10,0.37,Instance2,594,-5,10,0.63
Object2328,Instance1,700,-30,140,0.73,Instance2,700,-47,140,0.27
Object2329,Instance1,972,-31,30,0.19,Instance2,972,-34,30,0.81
Object2330,Instance1,159,-40,150,0.05,Instance2,159,-45,150,0.95
Object2331,Instance1,410,-30,190,0.87,Instance2,410,-26,190,0.13
Object2332,Instance1,505,-48,30,0.82,Instance2,505,-15,30,0.18
Object2333,Instance1,187,-9,160,0.59,Instance2,187,-19,160,0.41
Object2334,Instance1,195,-5,120,0.98,Instance2,195,-45,120,0.02
Object2335,Instance1,707,-6,80,0.5,Instance2,707,-33,80,0.5
Object2336,Instance1,541,-15,70,0.51,Instance2,541,-47,70,0.49
Object2337,Instance1,62,-10,130,0.12,Instance2,62,-17,130,0.88
Object2338,Instance1,887,-41,140,0.79,Instance2,887,-50,140,0.21
Object2339,Instance1,275,-28,180,0.06,Instance2,275,-20,180,0.94
Object2340,Instance1,834,-24,200,1.0,Instance2,834,-29,200,0.0
Object2341,Instance1,686,-45,10,0.22,Instance2,686,-10,10,0.78
Object2342,Instance1,925,-19,70,0.96,Instance2,925,-7,70,0.04
Object2343,Instance1,721,-43,10,0.32,Instance2,721,-1,10,0.68
Object2344,Instance1,146,-36,170,0.65,Instance2,146,-18,170,0.35
Object2345,Instance1,404,-40,20,0.21,Instance2,404,-42,20,0.79
Object2346,Instance1,986,-47,160,0.68,Instance2,986,-19,160,0.32
Object2347,Instance1,146,-35,10,0.02,Instance2,146,-37,10,0.98
Object2348,Instance1,782,-30,170,0.66,Instance2,782,-29,170,0.34
Object2349,Instance1,547,-46,140,0.2,Instance2,547,-16,140,0.8
Object2350,Instance1,209,-28,90,0.03,Instance2,209,-50,90,0.97
Object2351,Instance1,149,-43,160,0.58,Instance2,149,-13,160,0.42
Object2352,Instance1,426,-33,10,0.59,Instance2,426,-1,10,0.41
Object2353,Instance1,265,-22,110,0.04,Instance2,265,-23,110,0.96
Object2354,Instance1,223,-41,60,0.46,Instance2,223,-27,60,0.54
Object2355,Instance1,687,-45,200,0.65,Instance2,687,-33,200,0.35
Object2356,Instance1,927,-45,150,0.11,Instance2,927,-45,150,0.89
Object2357,Instance1,197,-5,160,0.36,Instance2,197,-38,160,0.64
Object2358,Instance1,529,-45,120,0.33,Instance2,529,-45,120,0.67
Object2359,Instance1,290,-15,140,0.49,Instance2,290,-50,140,0.51
Object2360,Instance1,98,-33,80,0.17,Instance2,98,-32,80,0.83
Object2361,Instance1,975,-37,30,0.44,Instance2,975,-29,30,0.56
Object2362,Instance1,423,-14,120,0.35,Instance2,423,-25,120,0.65
Object2363,Instance1,699,-23,50,0.55,Instance2,699,-29,50,0.45
Object2364,Instance1,660,-6,40,0.91,Instance2,660,-35,40,0.09
Object2365,Instance1,885,-22,50,0.71,Instance2,885,-28,50,0.29
Object2366,Instance1,832,-27,90,0.84,Instance2,832,-17,90,0.16
Object2367,Instance1,585,-33,110,0.24,Instance2,585,-40,110,0.76
Object2368,Instance1,576,-38,50,0.31,Instance2,576,-49,50,0.69
Object2369,Instance1,798,-28,50,0.6,Instance2,798,-36,50,0.4
Object2370,Instance1,314,-23,40,0.69,Instance2,314,-18,40,0.31
Object2371,Instance1,324,-50,200,0.85,Instance2,324,-26,200,0.15
Object2372,Instance1,125,-29,190,0.59,Instance2,125,-30,190,0.41
Object2373,Instance1,969,-35,100,0.14,Instance2,969,-49,100,0.86
Object2374,Instance1,729,-1,40,0.6,Instance2,729,-30,40,0.4
Object2375,Instance1,463,-26,70,0.7,Instance2,463,-14,70,0.3
Object2376,Instance1,333,-6,80,0.27,Instance2,333,-2,80,0.73
Object2377,Instance1,419,-7,190,0.5,Instance2,419,-43,190,0.5
Object2378,Instance1,23,-8,160,0.21,Instance2,23,-48,160,0.79
Object2379,Instance1,595,-21,70,0.57,Instance2,595,-42,70,0.43
Object2380,Instance1,508,-10,200,0.46,Instance2,508,-18,200,0.54
Object2381,Instance1,525,-17,190,0.11,Instance2,525,-12,190,0.89
Object2382,Instance1,51,-32,190,0.53,Instance2,51,-47,190,0.47
Object2383,Instance1,656,-50,160,0.12,Instance2,656,-19,160,0.88
Object2384,Instance1,834,-36,100,0.62,Instance2,834,-46,100,0.38
Object2385,Instance1,946,-19,100,0.44,Instance2,946,-41,100,0.56
Object2386,Instance1,990,-32,50,0.18,Instance2,990,-24,50,0.82
Object2387,Instance1,908,-39,130,0.35,Instance2,908,-16,130,0.65
Object2388,Instance1,802,-48,20,0.28,Instance2,802,-24,20,0.72
Object2389,Instance1,487,-3,160,0.26,Instance2,487,-47,160,0.74
Object2390,Instance1,306,-5,30,0.03,Instance2,306,-32,30,0.97
Object2391,Instance1,448,-1,160,0.85,Instance2,448,-7,160,0.15
Object2392,Instance1,488,-14,20,0.18,Instance2,488,-9,20,0.82
Object2393,Instance1,933,-33,30,0.87,Instance2,933,-26,30,0.13
Object2394,Instance1,830,-49,110,0.54,Instance2,830,-49,110,0.46
Object2395,Instance1,168,-22,30,0.67,Instance2,168,-29,30,0.33
Object2396,Instance1,128,-39,140,0.13,Instance2,128,-38,140,0.87
Object2397,Instance1,592,-24,120,0.96,Instance2,592,-46,120,0.04
Object2398,Instance1,922,-34,180,0.75,Instance2,922,-37,180,0.25
Object2399,Instance1,963,-48,40,0.39,Instance2,963,-28,40,0.61
Object2400,Instance1,196,-39,140,0.3,Instance2,196,-30,140,0.7
Object2401,Instance1,130,-36,120,0.08,Instance2,130,-47,120,0.92
Object2402,Instance1,343,-6,190,0.17,Instance2,343,-35,190,0.83
Object2403,Instance1,761,-23,110,0.88,Instance2,761,-15,110,0.12
Object2404,Instance1,303,-22,50,0.72,Instance2,303,-14,50,0.28
Object2405,Instance1,160,-29,180,0.46,Instance2,160,-8,180,0.54
Object2406,Instance1,894,-24,60,0.09,Instance2,894,-22,60,0.91
Object2407,Instance1,148,-31,70,0.23,Instance2,148,-6,70,0.77
Object2408,Instance1,165,-42,80,0.17,Instance2,165,-25,80,0.83
Object2409,Instance1,451,-46,120,0.07,Instance2,451,-48,120,0.93
Object2410,Instance1,931,-23,50,0.54,Instance2,931,-37,50,0.46
Object2411,Instance1,421,-9,170,0.98,Instance2,421,-5,170,0.02
Object2412,Instance1,331,-45,110,0.89,Instance2,331,-32,110,0.11
Object2413,Instance1,861,-35,60,0.19,Instance2,861,-40,60,0.81
Object2414,Instance1,484,-42,90,0.22,Instance2,484,-7,90,0.78
Object2415,Instance1,34,-38,190,0.22,Instance2,34,-37,190,0.78
Object2416,Instance1,840,-23,160,0.91,Instance2,840,-45,160,0.09
Object2417,Instance1,86,-35,20,0.7,Instance2,86,-49,20,0.3
Object2418,Instance1,749,-23,80,0.53,Instance2,749,-17,80,0.47
Object2419,Instance1,586,-19,80,0.44,Instance2,586,-19,80,0.56
Object2420,Instance1,835,-18,50,0.44,Instance2,835,-48,50,0.56
Object2421,Instance1,190,-36,50,0.27,Instance2,190,-48,50,0.73
Object2422,Instance1,271,-25,80,0.53,Instance2,271,-33,80,0.47
Object2423,Instance1,640,-5,180,0.33,Instance2,640,-45,180,0.67
Object2424,Instance1,424,-19,80,0.86,Instance2,424,-14,80,0.14
Object2425,Instance1,134,-11,110,0.94,Instance2,134,-36,110,0.06
Object2426,Instance1,521,-37,100,0.58,Instance2,521,-5,100,0.42
Object2427,Instance1,142,-49,10,0.54,Instance2,142,-17,10,0.46
Object2428,Instance1,143,-37,200,0.6,Instance2,143,-27,200,0.4
Object2429,Instance1,842,-23,40,0.93,Instance2,842,-41,40,0.07
Object2430,Instance1,173,-38,30,0.89,Instance2,173,-40,30,0.11
Object2431,Instance1,948,-47,110,0.42,Instance2,948,-42,110,0.58
Object2432,Instance1,748,-20,60,0.78,Instance2,748,-38,60,0.22
Object2433,Instance1,215,-42,110,0.36,Instance2,215,-4,110,0.64
Object2434,Instance1,720,-4,20,0.82,Instance2,720,-22,20,0.18
Object2435,Instance1,221,-40,150,0.59,Instance2,221,-17,150,0.41
Object2436,Instance1,778,-49,60,0.67,Instance2,778,-2,60,0.33
Object2437,Instance1,54,-18,110,0.76,Instance2,54,-46,110,0.24
Object2438,Instance1,953,-35,70,0.63,Instance2,953,-29,70,0.37
Object2439,Instance1,810,-32,140,0.06,Instance2,810,-26,140,0.94
Object2440,Instance1,362,-4,100,0.28,Instance2,362,-29,100,0.72
Object2441,Instance1,522,-11,100,0.12,Instance2,522,-33,100,0.88
Object2442,Instance1,323,-29,160,0.78,Instance2,323,-1,160,0.22
Object2443,Instance1,852,-31,90,0.45,Instance2,852,-35,90,0.55
Object2444,Instance1,474,-26,180,0.84,Instance2,474,-5,180,0.16
Object2445,Instance1,739,-49,40,0.71,Instance2,739,-17,40,0.29
Object2446,Instance1,340,-21,110,0.49,Instance2,340,-15,110,0.51
Object2447,Instance1,868,-48,60,0.44,Instance2,868,-5,60,0.56
Object2448,Instance1,587,-30,140,0.64,Instance2,587,-26,140,0.36
Object2449,Instance1,883,-41,100,0.07,Instance2,883,-1,100,0.93
Object2450,Instance1,162,-26,120,0.12,Instance2,162,-29,120,0.88
Object2451,Instance1,843,-45,110,0.18,Instance2,843,-12,110,0.82
Object2452,Instance1,762,-28,170,0.3,Instance2,762,-14,170,0.7
Object2453,Instance1,462,-33,30,0.9,Instance2,462,-31,30,0.1
Object2454,Instance1,100,-37,140,0.53,Instance2,100,-36,140,0.47
Object2455,Instance1,402,-13,140,0.49,Instance2,402,-6,140,0.51
Object2456,Instance1,680,-30,40,0.67,Instance2,680,-47,40,0.33
Object2457,Instance1,688,-45,160,0.99,Instance2,688,-6,160,0.01
Object2458,Instance1,940,-1,90,0.61,Instance2,940,-7,90,0.39
Object2459,Instance1,282,-37,10,0.21,Instance2,282,-43,10,0.79
Object2460,Instance1,270,-14,50,0.24,Instance2,270,-39,50,0.76
Object2461,Instance1,517,-50,10,0.26,Instance2,517,-42,10,0.74
Object2462,Instance1,181,-26,20,0.3,Instance2,181,-23,20,0.7
Object2463,Instance1,372,-50,140,0.22,Instance2,372,-35,140,0.78
Object2464,Instance1,353,-47,40,0.43,Instance2,353,-20,40,0.57
Object2465,Instance1,494,-26,60,0.4,Instance2,494,-6,60,0.6
Object2466,Instance1,813,-31,140,0.07,Instance2,813,-39,140,0.93
Object2467,Instance1,308,-27,80,0.24,Instance2,308,-10,80,0.76
Object2468,Instance1,515,-41,200,0.27,Instance2,515,-29,200,0.73
Object2469,Instance1,640,-28,80,0.55,Instance2,640,-47,80,0.45
Object2470,Instance1,968,-36,90,0.65,Instance2,968,-30,90,0.35
Object2471,Instance1,120,-50,100,0.26,Instance2,120,-10,100,0.74
Object2472,Instance1,866,-45,40,0.59,Instance2,866,-23,40,0.41
Object2473,Instance1,5,-22,80,0.45,Instance2,5,-4,80,0.55
Object2474,Instance1,932,-46,200,0.3,Instance2,932,-12,200,0.7
Object2475,Instance1,828,-40,130,0.5,Instance2,828,-34,130,0.5
Object2476,Instance1,618,-8,50,0.11,Instance2,618,-2,50,0.89
Object2477,Instance1,141,-36,140,0.57,Instance2,141,-7,140,0.43
Object2478,Instance1,576,-4,50,0.68,Instance2,576,-40,50,0.32
Object2479,Instance1,712,-40,70,0.04,Instance2,712,-43,70,0.96
Object2480,Instance1,862,-33,90,0.18,Instance2,862,-1,90,0.82
Object2481,Instance1,245,-27,160,0.64,Instance2,245,-26,160,0.36
Object2482,Instance1,968,-19,70,0.15,Instance2,968,-22,70,0.85
Object2483,Instance1,15,-11,70,0.53,Instance2,15,-8,70,0.47
Object2484,Instance1,240,-23,190,0.69,Instance2,240,-7,190,0.31
Object2485,Instance1,101,-12,110,0.29,Instance2,101,-15,110,0.71
Object2486,Instance1,66,-34,150,0.68,Instance2,66,-45,150,0.32
Object2487,Instance1,253,-50,200,0.48,Instance2,253,-46,200,0.52
Object2488,Instance1,214,-41,100,1.0,Instance2,214,-50,100,0.0
Object2489,Instance1,121,-14,50,0.29,Instance2,121,-44,50,0.71
Object2490,Instance1,992,-35,130,0.8,Instance2,992,-41,130,0.2
Object2491,Instance1,786,-38,40,0.29,Instance2,786,-7,40,0.71
Object2492,Instance1,802,-23,50,0.33,Instance2,802,-7,50,0.67
Object2493,Instance1,473,-44,150,0.31,Instance2,473,-50,150,0.69
Object2494,Instance1,824,-6,110,0.12,Instance2,824,-36,110,0.88
Object2495,Instance1,147,-29,160,0.62,Instance2,147,-17,160,0.38
Object2496,Instance1,647,-25,120,0.06,Instance2,647,-45,120,0.94
Object2497,Instance1,393,-32,180,0.14,Instance2,393,-16,180,0.86
Object2498,Instance1,660,-33,80,0.05,Instance2,660,-15,80,0.95
Object2499,Instance1,999,-38,30,0.61,Instance2,999,-48,30,0.39
Object2500,Instance1,355,-29,70,0.6,Instance2,355,-18,70,0.4
Object2501,Instance1,196,-10,90,0.53,Instance2,196,-8,90,0.47
Object2502,Instance1,624,-6,150,0.54,Instance2,624,-5,150,0.46
Object2503,Instance1,482,-3,150,0.47,Instance2,482,-13,150,0.53
Object2504,Instance1,48,-40,200,0.6,Instance2,48,-38,200,0.4
Object2505,Instance1,165,-42,70,0.55,Instance2,165,-15,70,0.45
Object2506,Instance1,611,-1,110,0.26,Instance2,611,-21,110,0.74
Object2507,Instance1,132,-14,180,0.69,Instance2,132,-33,180,0.31
Object2508,Instance1,540,-17,190,0.53,Instance2,540,-9,190,0.47
Object2509,Instance1,380,-6,180,0.4,Instance2,380,-46,180,0.6
Object2510,Instance1,922,-39,160,0.04,Instance2,922,-38,160,0.96
Object2511,Instance1,692,-50,170,0.19,Instance2,692,-44,170,0.81
Object2512,Instance1,951,-24,80,0.81,Instance2,951,-48,80,0.19
Object2513,Instance1,820,-15,170,0.5,Instance2,820,-33,170,0.5
Object2514,Instance1,265,-16,90,0.57,Instance2,265,-20,90,0.43
Object2515,Instance1,632,-5,30,0.09,Instance2,632,-47,30,0.91
Object2516,Instance1,396,-6,120,0.05,Instance2,396,-41,120,0.95
Object2517,Instance1,114,-34,190,0.88,Instance2,114,-40,190,0.12
Object2518,Instance1,167,-32,30,0.42,Instance2,167,-26,30,0.58
Object2519,Instance1,645,-48,40,0.58,Instance2,645,-1,40,0.42
Object2520,Instance1,328,-13,150,0.47,Instance2,328,-9,150,0.53
Object2521,Instance1,336,-45,150,0.1,Instance2,336,-20,150,0.9
Object2522,Instance1,965,-38,200,0.92,Instance2,965,-30,200,0.08
Object2523,Instance1,953,-44,30,0.57,Instance2,953,-24,30,0.43
Object2524,Instance1,389,-2,200,0.22,Instance2,389,-13,200,0.78
Object2525,Instance1,942,-23,140,0.18,Instance2,942,-26,140,0.82
Object2526,Instance1,216,-20,190,0.86,Instance2,216,-22,190,0.14
Object2527,Instance1,187,-26,200,0.7,Instance2,187,-38,200,0.3
Object2528,Instance1,441,-1,190,0.07,Instance2,441,-5,190,0.93
Object2529,Instance1,128,-46,160,0.83,Instance2,128,-38,160,0.17
Object2530,Instance1,923,-48,180,0.57,Instance2,923,-37,180,0.43
Object2531,Instance1,115,-25,100,0.54,Instance2,115,-35,100,0.46
Object2532,Instance1,696,-38,10,0.46,Instance2,696,-19,10,0.54
Object2533,Instance1,653,-34,110,0.94,Instance2,653,-35,110,0.06
Object2534,Instance1,33,-31,150,0.04,Instance2,33,-13,150,0.96
Object2535,Instance1,845,-33,190,0.3,Instance2,845,-22,190,0.7
Object2536,Instance1,822,-8,110,0.75,Instance2,822,-40,110,0.25
Object2537,Instance1,90,-17,150,0.47,Instance2,90,-21,150,0.53
Object2538,Instance1,801,-44,140,0.66,Instance2,801,-33,140,0.34
Object2539,Instance1,861,-26,180,0.17,Instance2,861,-1,180,0.83
Object2540,Instance1,151,-23,50,0.68,Instance2,151,-31,50,0.32
Object2541,Instance1,237,-39,150,0.34,Instance2,237,-18,150,0.66
Object2542,Instance1,677,-8,170,0.27,Instance2,677,-19,170,0.73
Object2543,Instance1,185,-37,30,0.59,Instance2,185,-29,30,0.41
Object2544,Instance1,355,-39,170,0.47,Instance2,355,-31,170,0.53
Object2545,Instance1,965,-43,100,0.52,Instance2,965,-50,100,0.48
Object2546,Instance1,276,-15,70,0.49,Instance2,276,-50,70,0.51
Object2547,Instance1,286,-25,150,0.8,Instance2,286,-33,150,0.2
Object2548,Instance1,54,-27,160,0.02,Instance2,54,-24,160,0.98
Object2549,Instance1,154,-35,200,0.68,Instance2,154,-35,200,0.32
Object2550,Instance1,785,-9,150,0.13,Instance2,785,-34,150,0.87
Object2551,Instance1,974,-35,10,0.75,Instance2,974,-39,10,0.25
Object2552,Instance1,812,-37,140,0.9,Instance2,812,-24,140,0.1
Object2553,Instance1,989,-39,60,0.63,Instance2,989,-29,60,0.37
Object2554,Instance1,767,-2,70,0.29,Instance2,767,-8,70,0.71
Object2555,Instance1,621,-32,10,0.45,Instance2,621,-11,10,0.55
Object2556,Instance1,756,-28,50,0.31,Instance2,756,-36,50,0.69
Object2557,Instance1,369,-45,50,0.47,Instance2,369,-38,50,0.53
Object2558,Instance1,415,-33,50,0.25,Instance2,415,-38,50,0.75
Object2559,Instance1,899,-3,200,0.06,Instance2,899,-48,200,0.94
Object2560,Instance1,459,-26,40,0.94,Instance2,459,-16,40,0.06
Object2561,Instance1,367,-20,90,0.48,Instance2,367,-32,90,0.52
Object2562,Instance1,553,-16,170,0.48,Instance2,553,-29,170,0.52
Object2563,Instance1,989,-40,150,0.47,Instance2,989,-30,150,0.53
Object2564,Instance1,828,-22,100,0.53,Instance2,828,-25,100,0.47
Object2565,Instance1,545,-9,160,0.38,Instance2,545,-24,160,0.62
Object2566,Instance1,545,-19,190,0.64,Instance2,545,-14,190,0.36
Object2567,Instance1,463,-48,190,0.13,Instance2,463,-47,190,0.87
Object2568,Instance1,202,-47,80,0.29,Instance2,202,-33,80,0.71
Object2569,Instance1,397,-35,200,0.54,Instance2,397,-40,200,0.46
Object2570,Instance1,86,-33,110,0.19,Instance2,86,-4,110,0.81
Object2571,Instance1,267,-32,190,0.77,Instance2,267,-49,190,0.23
Object2572,Instance1,10,-11,190,0.43,Instance2,10,-19,190,0.57
Object2573,Instance1,774,-49,130,0.38,Instance2,774,-29,130,0.62
Object2574,Instance1,231,-35,130,0.15,Instance2,231,-3,130,0.85
Object2575,Instance1,182,-37,140,0.58,Instance2,182,-32,140,0.42
Object2576,Instance1,396,-16,170,0.4,Instance2,396,-42,170,0.6
Object2577,Instance1,841,-15,130,0.29,Instance2,841,-39,130,0.71
Object2578,Instance1,242,-14,180,0.04,Instance2,242,-14,180,0.96
Object2579,Instance1,889,-34,110,0.3,Instance2,889,-29,110,0.7
Object2580,Instance1,1,-30,110,0.95,Instance2,1,-8,110,0.05
Object2581,Instance1,487,-3,190,0.32,Instance2,487,-36,190,0.68
Object2582,Instance1,726,-48,180,0.36,Instance2,726,-25,180,0.64
Object2583,Instance1,947,-22,10,0.83,Instance2,947,-38,10,0.17
Object2584,Instance1,467,-44,100,0.72,Instance2,467,-17,100,0.28
Object2585,Instance1,684,-39,150,0.9,Instance2,684,-10,150,0.1
Object2586,Instance1,484,-38,70,0.67,Instance2,484,-25,70,0.33
Object2587,Instance1,723,-18,30,0.42,Instance2,723,-45,30,0.58
Object2588,Instance1,322,-34,20,0.09,Instance2,322,-35,20,0.91
Object2589,Instance1,465,-42,170,0.65,Instance2,465,-9,170,0.35
Object2590,Instance1,560,-24,50,0.89,Instance2,560,-23,50,0.11
Object2591,Instance1,995,-23,140,0.2,Instance2,995,-39,140,0.8
Object2592,Instance1,310,-38,130,0.78,Instance2,310,-11,130,0.22
Object2593,Instance1,757,-20,90,0.27,Instance2,757,-39,90,0.73
Object2594,Instance1,538,-46,140,0.11,Instance2,538,-16,140,0.89
Object2595,Instance1,920,-40,190,0.31,Instance2,920,-45,190,0.69
Object2596,Instance1,309,-43,20,0.91,Instance2,309,-44,20,0.09
Object2597,Instance1,127,-14,150,0.01,Instance2,127,-28,150,0.99
Object2598,Instance1,245,-34,200,0.19,Instance2,245,-5,200,0.81
Object2599,Instance1,168,-24,100,0.57,Instance2,168,-5,100,0.43
Object2600,Instance1,656,-9,130,0.14,Instance2,656,-29,130,0.86
Object2601,Instance1,112,-26,50,0.15,Instance2,112,-28,50,0.85
Object2602,Instance1,685,-16,70,0.16,Instance2,685,-34,70,0.84
Object2603,Instance1,260,-17,40,0.9,Instance2,260,-1,40,0.1
Object2604,Instance1,526,-49,40,0.93,Instance2,526,-30,40,0.07
Object2605,Instance1,780,-15,150,0.39,Instance2,780,-45,150,0.61
Object2606,Instance1,495,-50,70,0.57,Instance2,495,-39,70,0.43
Object2607,Instance1,962,-50,90,0.49,Instance2,962,-41,90,0.51
Object2608,Instance1,705,-13,190,0.77,Instance2,705,-17,190,0.23
Object2609,Instance1,297,-23,160,0.15,Instance2,297,-34,160,0.85
Object2610,Instance1,779,-9,120,0.66,Instance2,779,-38,120,0.34
Object2611,Instance1,139,-7,60,0.47,Instance2,139,-2,60,0.53
Object2612,Instance1,971,-32,30,0.1,Instance2,971,-20,30,0.9
Object2613,Instance1,650,-27,180,0.69,Instance2,650,-17,180,0.31
Object2614,Instance1,833,-50,90,0.82,Instance2,833,-40,90,0.18
Object2615,Instance1,619,-17,130,0.46,Instance2,619,-2,130,0.54
Object2616,Instance1,880,-22,200,0.24,Instance2,880,-35,200,0.76
Object2617,Instance1,696,-34,120,0.98,Instance2,696,-27,120,0.02
Object2618,Instance1,188,-8,160,0.33,Instance2,188,-42,160,0.67
Object2619,Instance1,610,-31,170,0.87,Instance2,610,-6,170,0.13
Object2620,Instance1,346,-17,170,0.8,Instance2,346,-43,170,0.2
Object2621,Instance1,699,-50,60,0.34,Instance2,699,-29,60,0.66
Object2622,Instance1,465,-29,90,0.78,Instance2,465,-13,90,0.22
Object2623,Instance1,313,-21,80,0.23,Instance2,313,-42,80,0.77
Object2624,Instance1,45,-27,70,0.13,Instance2,45,-29,70,0.87
Object2625,Instance1,193,-26,110,0.43,Instance2,193,-12,110,0.57
Object2626,Instance1,608,-44,180,0.76,Instance2,608,-42,180,0.24
Object2627,Instance1,112,-45,170,0.46,Instance2,112,-45,170,0.54
Object2628,Instance1,924,-35,90,0.31,Instance2,924,-23,90,0.69
Object2629,Instance1,764,-40,90,0.94,Instance2,764,-30,90,0.06
Object2630,Instance1,129,-32,10,0.0,Instance2,129,-5,10,1.0
Object2631,Instance1,359,-50,40,0.63,Instance2,359,-9,40,0.37
Object2632,Instance1,313,-6,150,0.1,Instance2,313,-13,150,0.9
Object2633,Instance1,46,-32,20,0.65,Instance2,46,-3,20,0.35
Object2634,Instance1,406,-41,20,0.6,Instance2,406,-3,20,0.4
Object2635,Instance1,403,-28,160,0.85,Instance2,403,-46,160,0.15
Object2636,Instance1,25,-48,100,0.91,Instance2,25,-5,100,0.09
Object2637,Instance1,738,-10,30,0.39,Instance2,738,-27,30,0.61
Object2638,Instance1,422,-47,60,0.15,Instance2,422,-18,60,0.85
Object2639,Instance1,975,-39,80,0.6,Instance2,975,-11,80,0.4
Object2640,Instance1,666,-49,70,0.24,Instance2,666,-14,70,0.76
Object2641,Instance1,322,-10,100,0.61,Instance2,322,-10,100,0.39
Object2642,Instance1,842,-47,30,0.37,Instance2,842,-29,30,0.63
Object2643,Instance1,803,-29,10,0.33,Instance2,803,-21,10,0.67
Object2644,Instance1,61,-34,60,0.8,Instance2,61,-16,60,0.2
Object2645,Instance1,969,-8,60,0.27,Instance2,969,-30,60,0.73
Object2646,Instance1,367,-13,50,0.17,Instance2,367,-24,50,0.83
Object2647,Instance1,423,-15,80,0.35,Instance2,423,-23,80,0.65
Object2648,Instance1,196,-41,140,0.08,Instance2,196,-11,140,0.92
Object2649,Instance1,278,-23,180,0.97,Instance2,278,-30,180,0.03
Object2650,Instance1,564,-23,110,0.84,Instance2,564,-42,110,0.16
Object2651,Instance1,692,-42,20,0.72,Instance2,692,-48,20,0.28
Object2652,Instance1,352,-17,180,0.82,Instance2,352,-4,180,0.18
Object2653,Instance1,202,-2,30,0.86,Instance2,202,-4,30,0.14
Object2654,Instance1,351,-13,100,0.61,Instance2,351,-50,100,0.39
Object2655,Instance1,51,-47,170,0.55,Instance2,51,-40,170,0.45
Object2656,Instance1,412,-33,170,0.19,Instance2,412,-8,170,0.81
Object2657,Instance1,315,-37,90,0.97,Instance2,315,-29,90,0.03
Object2658,Instance1,186,-50,90,0.27,Instance2,186,-25,90,0.73
Object2659,Instance1,574,-27,10,0.07,Instance2,574,-29,10,0.93
Object2660,Instance1,418,-15,180,0.65,Instance2,418,-6,180,0.35
Object2661,Instance1,585,-42,160,0.87,Instance2,585,-47,160,0.13
Object2662,Instance1,551,-3,180,0.17,Instance2,551,-33,180,0.83
Object2663,Instance1,595,-15,40,0.68,Instance2,595,-8,40,0.32
Object2664,Instance1,332,-46,150,0.52,Instance2,332,-12,150,0.48
Object2665,Instance1,314,-4,200,0.75,Instance2,314,-1,200,0.25
Object2666,Instance1,340,-10,70,0.62,Instance2,340,-11,70,0.38
Object2667,Instance1,465,-17,120,0.43,Instance2,465,-42,120,0.57
Object2668,Instance1,931,-41,70,0.55,Instance2,931,-37,70,0.45
Object2669,Instance1,455,-1,120,0.45,Instance2,455,-9,120,0.55
Object2670,Instance1,406,-10,120,0.32,Instance2,406,-10,120,0.68
Object2671,Instance1,404,-10,190,0.78,Instance2,404,-29,190,0.22
Object2672,Instance1,456,-32,190,0.43,Instance2,456,-41,190,0.57
Object2673,Instance1,552,-21,60,0.23,Instance2,552,-48,60,0.77
Object2674,Instance1,657,-1,180,0.88,Instance2,657,-41,180,0.12
Object2675,Instance1,696,-29,190,0.77,Instance2,696,-18,190,0.23
Object2676,Instance1,329,-13,60,0.4,Instance2,329,-32,60,0.6
Object2677,Instance1,824,-32,160,0.8,Instance2,824,-1,160,0.2
Object2678,Instance1,447,-36,100,0.12,Instance2,447,-48,100,0.88
Object2679,Instance1,292,-32,80,0.27,Instance2,292,-46,80,0.73
Object2680,Instance1,727,-27,170,0.36,Instance2,727,-1,170,0.64
Object2681,Instance1,403,-38,70,0.5,Instance2,403,-25,70,0.5
Object2682,Instance1,481,-8,170,0.28,Instance2,481,-11,170,0.72
Object2683,Instance1,857,-1,170,0.33,Instance2,857,-25,170,0.67
Object2684,Instance1,933,-34,60,0.26,Instance2,933,-22,60,0.74
Object2685,Instance1,337,-4,190,0.2,Instance2,337,-23,190,0.8
Object2686,Instance1,237,-34,170,0.27,Instance2,237,-12,170,0.73
Object2687,Instance1,740,-5,10,0.66,Instance2,740,-3,10,0.34
Object2688,Instance1,838,-28,130,0.19,Instance2,838,-9,130,0.81
Object2689,Instance1,708,-39,100,0.38,Instance2,708,-16,100,0.62
Object2690,Instance1,713,-41,10,0.77,Instance2,713,-36,10,0.23
Object2691,Instance1,938,-28,130,0.98,Instance2,938,-48,130,0.02
Object2692,Instance1,522,-1,200,0.62,Instance2,522,-1,200,0.38
Object2693,Instance1,591,-45,200,0.39,Instance2,591,-42,200,0.61
Object2694,Instance1,754,-26,120,0.57,Instance2,754,-23,120,0.43
Object2695,Instance1,104,-23,90,0.22,Instance2,104,-33,90,0.78
Object2696,Instance1,669,-26,10,0.77,Instance2,669,-1,10,0.23
Object2697,Instance1,542,-24,120,0.01,Instance2,542,-36,120,0.99
Object2698,Instance1,860,-31,40,0.14,Instance2,860,-22,40,0.86
Object2699,Instance1,326,-20,200,0.88,Instance2,326,-4,200,0.12
Object2700,Instance1,355,-19,190,0.88,Instance2,355,-43,190,0.12
Object2701,Instance1,288,-19,50,0.64,Instance2,288,-28,50,0.36
Object2702,Instance1,506,-28,170,0.25,Instance2,506,-38,170,0.75
Object2703,Instance1,417,-31,10,0.98,Instance2,417,-23,10,0.02
Object2704,Instance1,280,-19,120,0.03,Instance2,280,-43,120,0.97
Object2705,Instance1,710,-21,60,0.82,Instance2,710,-16,60,0.18
Object2706,Instance1,233,-45,160,0.99,Instance2,233,-32,160,0.01
Object2707,Instance1,263,-21,30,0.96,Instance2,263,-37,30,0.04
Object2708,Instance1,915,-23,130,0.93,Instance2,915,-21,130,0.07
Object2709,Instance1,976,-36,150,0.77,Instance2,976,-15,150,0.23
Object2710,Instance1,616,-44,170,0.69,Instance2,616,-30,170,0.31
Object2711,Instance1,986,-10,130,0.02,Instance2,986,-49,130,0.98
Object2712,Instance1,248,-8,40,0.01,Instance2,248,-24,40,0.99
Object2713,Instance1,114,-31,90,1.0,Instance2,114,-37,90,0.0
Object2714,Instance1,227,-4,160,0.14,Instance2,227,-19,160,0.86
Object2715,Instance1,839,-11,180,0.53,Instance2,839,-36,180,0.47
Object2716,Instance1,261,-35,140,0.62,Instance2,261,-8,140,0.38
Object2717,Instance1,99,-24,80,0.7,Instance2,99,-37,80,0.3
Object2718,Instance1,383,-12,60,0.1,Instance2,383,-5,60,0.9
Object2719,Instance1,945,-28,160,0.76,Instance2,945,-38,160,0.24
Object2720,Instance1,587,-13,110,0.83,Instance2,587,-23,110,0.17
Object2721,Instance1,929,-46,180,0.19,Instance2,929,-29,180,0.81
Object2722,Instance1,100,-30,140,0.87,Instance2,100,-47,140,0.13
Object2723,Instance1,865,-46,70,0.08,Instance2,865,-42,70,0.92
Object2724,Instance1,413,-6,30,0.39,Instance2,413,-16,30,0.61
Object2725,Instance1,800,-41,140,0.45,Instance2,800,-41,140,0.55
Object2726,Instance1,366,-38,180,0.03,Instance2,366,-40,180,0.97
Object2727,Instance1,338,-47,100,0.11,Instance2,338,-20,100,0.89
Object2728,Instance1,42,-2,120,0.49,Instance2,42,-8,120,0.51
Object2729,Instance1,831,-47,200,0.25,Instance2,831,-44,200,0.75
Object2730,Instance1,522,-37,30,0.91,Instance2,522,-14,30,0.09
Object2731,Instance1,361,-24,160,0.74,Instance2,361,-21,160,0.26
Object2732,Instance1,495,-18,110,0.84,Instance2,495,-20,110,0.16
Object2733,Instance1,11,-4,30,0.61,Instance2,11,-1,30,0.39
Object2734,Instance1,437,-28,70,0.32,Instance2,437,-16,70,0.68
Object2735,Instance1,262,-1,180,0.95,Instance2,262,-48,180,0.05
Object2736,Instance1,272,-36,30,0.6,Instance2,272,-18,30,0.4
Object2737,Instance1,5,-3,160,0.93,Instance2,5,-23,160,0.07
Object2738,Instance1,776,-30,30,0.1,Instance2,776,-15,30,0.9
Object2739,Instance1,492,-17,60,0.46,Instance2,492,-1,60,0.54
Object2740,Instance1,22,-25,50,0.07,Instance2,22,-29,50,0.93
Object2741,Instance1,478,-38,110,0.33,Instance2,478,-31,110,0.67
Object2742,Instance1,501,-35,150,0.63,Instance2,501,-44,150,0.37
Object2743,Instance1,302,-35,70,0.49,Instance2,302,-29,70,0.51
Object2744,Instance1,843,-1,120,0.06,Instance2,843,-15,120,0.94
Object2745,Instance1,538,-24,10,0.4,Instance2,538,-30,10,0.6
Object2746,Instance1,668,-17,90,0.37,Instance2,668,-2,90,0.63
Object2747,Instance1,906,-11,130,0.11,Instance2,906,-24,130,0.89
Object2748,Instance1,251,-24,100,0.72,Instance2,251,-46,100,0.28
Object2749,Instance1,238,-4,160,0.45,Instance2,238,-39,160,0.55
Object2750,Instance1,109,-21,190,0.38,Instance2,109,-19,190,0.62
Object2751,Instance1,712,-27,90,0.53,Instance2,712,-9,90,0.47
Object2752,Instance1,984,-45,190,0.0,Instance2,984,-4,190,1.0
Object2753,Instance1,68,-10,130,0.38,Instance2,68,-44,130,0.62
Object2754,Instance1,144,-26,10,0.4,Instance2,144,-43,10,0.6
Object2755,Instance1,972,-8,100,0.0,Instance2,972,-26,100,1.0
Object2756,Instance1,903,-23,150,0.63,Instance2,903,-47,150,0.37
Object2757,Instance1,972,-33,10,0.71,Instance2,972,-18,10,0.29
Object2758,Instance1,589,-42,140,0.46,Instance2,589,-39,140,0.54
Object2759,Instance1,915,-25,140,0.28,Instance2,915,-17,140,0.72
Object2760,Instance1,987,-49,190,0.94,Instance2,987,-28,190,0.06
Object2761,Instance1,256,-48,30,0.41,Instance2,256,-19,30,0.59
Object2762,Instance1,109,-17,60,0.14,Instance2,109,-16,60,0.86
Object2763,Instance1,981,-10,60,0.16,Instance2,981,-46,60,0.84
Object2764,Instance1,899,-2,100,0.77,Instance2,899,-35,100,0.23
Object2765,Instance1,512,-26,170,0.24,Instance2,512,-20,170,0.76
Object2766,Instance1,81,-32,10,0.46,Instance2,81,-45,10,0.54
Object2767,Instance1,327,-18,80,0.11,Instance2,327,-50,80,0.89
Object2768,Instance1,808,-43,40,0.08,Instance2,808,-46,40,0.92
Object2769,Instance1,155,-10,100,0.7,Instance2,155,-25,100,0.3
Object2770,Instance1,74,-49,110,0.01,Instance2,74,-42,110,0.99
Object2771,Instance1,381,-15,70,0.7,Instance2,381,-18,70,0.3
Object2772,Instance1,697,-12,30,0.49,Instance2,697,-26,30,0.51
Object2773,Instance1,478,-8,170,0.46,Instance2,478,-21,170,0.54
Object2774,Instance1,434,-3,190,0.5,Instance2,434,-13,190,0.5
Object2775,Instance1,719,-21,200,0.79,Instance2,719,-1,200,0.21
Object2776,Instance1,581,-37,90,0.23,Instance2,581,-39,90,0.77
Object2777,Instance1,839,-2,130,0.63,Instance2,839,-48,130,0.37
Object2778,Instance1,525,-16,160,0.42,Instance2,525,-11,160,0.58
Object2779,Instance1,375,-47,70,0.87,Instance2,375,-45,70,0.13
Object2780,Instance1,462,-41,130,0.94,Instance2,462,-33,130,0.06
Object2781,Instance1,187,-40,10,0.49,Instance2,187,-13,10,0.51
Object2782,Instance1,253,-27,30,0.77,Instance2,253,-18,30,0.23
Object2783,Instance1,165,-48,40,0.98,Instance2,165,-31,40,0.02
Object2784,Instance1,985,-15,30,0.44,Instance2,985,-3,30,0.56
Object2785,Instance1,181,-36,110,0.95,Instance2,181,-20,110,0.05
Object2786,Instance1,110,-16,160,0.06,Instance2,110,-34,160,0.94
Object2787,Instance1,774,-22,170,0.75,Instance2,774,-19,170,0.25
Object2788,Instance1,907,-17,70,0.2,Instance2,907,-1,70,0.8
Object2789,Instance1,184,-27,30,0.17,Instance2,184,-40,30,0.83
Object2790,Instance1,862,-35,10,0.82,Instance2,862,-30,10,0.18
Object2791,Instance1,38,-39,60,0.35,Instance2,38,-27,60,0.65
Object2792,Instance1,163,-36,110,0.56,Instance2,163,-2,110,0.44
Object2793,Instance1,66,-17,120,0.12,Instance2,66,-6,120,0.88
Object2794,Instance1,974,-22,200,0.59,Instance2,974,-9,200,0.41
Object2795,Instance1,182,-30,110,0.02,Instance2,182,-31,110,0.98
Object2796,Instance1,985,-39,110,0.38,Instance2,985,-29,110,0.62
Object2797,Instance1,790,-6,180,0.58,Instance2,790,-18,180,0.42
Object2798,Instance1,450,-28,190,0.49,Instance2,450,-13,190,0.51
Object2799,Instance1,629,-50,180,0.7,Instance2,629,-18,180,0.3
Object2800,Instance1,806,-22,140,0.04,Instance2,806,-29,140,0.96
Object2801,Instance1,548,-14,200,0.18,Instance2,548,-38,200,0.82
Object2802,Instance1,68,-3,20,0.88,Instance2,68,-42,20,0.12
Object2803,Instance1,242,-10,90,0.33,Instance2,242,-5,90,0.67
Object2804,Instance1,75,-46,90,0.88,Instance2,75,-46,90,0.12
Object2805,Instance1,491,-48,130,0.22,Instance2,491,-50,130,0.78
Object2806,Instance1,398,-31,120,0.1,Instance2,398,-30,120,0.9
Object2807,Instance1,777,-41,90,0.44,Instance2,777,-17,90,0.56
Object2808,Instance1,924,-41,200,0.35,Instance2,924,-6,200,0.65
Object2809,Instance1,657,-7,70,0.57,Instance2,657,-22,70,0.43
Object2810,Instance1,608,-13,160,0.51,Instance2,608,-30,160,0.49
Object2811,Instance1,146,-12,90,0.93,Instance2,146,-17,90,0.07
Object2812,Instance1,113,-17,180,0.66,Instance2,113,-47,180,0.34
Object2813,Instance1,903,-18,140,0.92,Instance2,903,-40,140,0.08
Object2814,Instance1,326,-47,160,0.29,Instance2,326,-41,160,0.71
Object2815,Instance1,120,-20,20,0.68,Instance2,120,-43,20,0.32
Object2816,Instance1,877,-49,100,0.58,Instance2,877,-49,100,0.42
Object2817,Instance1,232,-36,190,0.42,Instance2,232,-38,190,0.58
Object2818,Instance1,245,-34,160,0.54,Instance2,245,-28,160,0.46
Object2819,Instance1,403,-31,30,0.22,Instance2,403,-13,30,0.78
Object2820,Instance1,877,-12,110,0.63,Instance2,877,-15,110,0.37
Object2821,Instance1,956,-36,30,0.35,Instance2,956,-23,30,0.65
Object2822,Instance1,482,-15,190,0.01,Instance2,482,-23,190,0.99
Object2823,Instance1,294,-48,80,0.87,Instance2,294,-38,80,0.13
Object2824,Instance1,822,-9,80,0.92,Instance2,822,-39,80,0.08
Object2825,Instance1,434,-42,140,0.37,Instance2,434,-15,140,0.63
Object2826,Instance1,598,-13,120,0.6,Instance2,598,-8,120,0.4
Object2827,Instance1,580,-37,50,0.08,Instance2,580,-39,50,0.92
Object2828,Instance1,826,-24,70,0.03,Instance2,826,-12,70,0.97
Object2829,Instance1,494,-26,140,0.33,Instance2,494,-15,140,0.67
Object2830,Instance1,871,-30,100,0.71,Instance2,871,-36,100,0.29
Object2831,Instance1,700,-28,110,0.76,Instance2,700,-40,110,0.24
Object2832,Instance1,492,-3,200,0.69,Instance2,492,-29,200,0.31
Object2833,Instance1,270,-23,150,0.26,Instance2,270,-24,150,0.74
Object2834,Instance1,554,-7,180,0.03,Instance2,554,-12,180,0.97
Object2835,Instance1,260,-37,100,0.57,Instance2,260,-2,100,0.43
Object2836,Instance1,972,-38,10,0.25,Instance2,972,-41,10,0.75
Object2837,Instance1,821,-18,150,0.63,Instance2,821,-48,150,0.37
Object2838,Instance1,887,-39,90,0.11,Instance2,887,-40,90,0.89
Object2839,Instance1,201,-11,190,0.03,Instance2,201,-49,190,0.97
Object2840,Instance1,137,-35,170,0.4,Instance2,137,-48,170,0.6
Object2841,Instance1,296,-36,150,0.31,Instance2,296,-13,150,0.69
Object2842,Instance1,556,-36,80,0.27,Instance2,556,-8,80,0.73
Object2843,Instance1,438,-40,40,0.22,Instance2,438,-28,40,0.78
Object2844,Instance1,366,-2,20,0.81,Instance2,366,-28,20,0.19
Object2845,Instance1,60,-7,60,0.57,Instance2,60,-45,60,0.43
Object2846,Instance1,510,-17,20,0.62,Instance2,510,-45,20,0.38
Object2847,Instance1,839,-45,10,0.38,Instance2,839,-43,10,0.62
Object2848,Instance1,706,-31,100,0.61,Instance2,706,-50,100,0.39
Object2849,Instance1,865,-42,70,0.59,Instance2,865,-13,70,0.41
Object2850,Instance1,664,-18,150,0.28,Instance2,664,-31,150,0.72
Object2851,Instance1,24,-23,150,0.33,Instance2,24,-42,150,0.67
Object2852,Instance1,691,-20,130,0.8,Instance2,691,-8,130,0.2
Object2853,Instance1,185,-25,80,0.58,Instance2,185,-1,80,0.42
Object2854,Instance1,5,-24,180,0.36,Instance2,5,-28,180,0.64
Object2855,Instance1,678,-18,130,0.32,Instance2,678,-25,130,0.68
Object2856,Instance1,190,-30,80,0.28,Instance2,190,-39,80,0.72
Object2857,Instance1,595,-49,10,0.42,Instance2,595,-17,10,0.58
Object2858,Instance1,726,-35,70,0.98,Instance2,726,-25,70,0.02
Object2859,Instance1,613,-41,120,0.43,Instance2,613,-21,120,0.57
Object2860,Instance1,847,-5,150,0.62,Instance2,847,-28,150,0.38
Object2861,Instance1,866,-24,100,0.82,Instance2,866,-12,100,0.18
Object2862,Instance1,192,-4,150,0.69,Instance2,192,-36,150,0.31
Object2863,Instance1,854,-18,150,0.66,Instance2,854,-13,150,0.34
Object2864,Instance1,925,-6,40,0.59,Instance2,925,-24,40,0.41
Object2865,Instance1,998,-9,70,0.73,Instance2,998,-45,70,0.27
Object2866,Instance1,594,-50,180,0.79,Instance2,594,-4,180,0.21
Object2867,Instance1,364,-24,140,0.2,Instance2,364,-3,140,0.8
Object2868,Instance1,773,-15,140,0.75,Instance2,773,-46,140,0.25
Object2869,Instance1,167,-36,140,0.67,Instance2,167,-24,140,0.33
Object2870,Instance1,442,-25,80,0.05,Instance2,442,-32,80,0.95
Object2871,Instance1,235,-25,20,0.54,Instance2,235,-31,20,0.46
Object2872,Instance1,174,-26,150,0.74,Instance2,174,-4,150,0.26
Object2873,Instance1,71,-35,190,0.42,Instance2,71,-43,190,0.58
Object2874,Instance1,206,-28,170,0.85,Instance2,206,-39,170,0.15
Object2875,Instance1,1,-24,20,0.07,Instance2,1,-16,20,0.93
Object2876,Instance1,202,-40,190,0.02,Instance2,202,-33,190,0.98
Object2877,Instance1,522,-33,200,0.29,Instance2,522,-41,200,0.71
Object2878,Instance1,767,-23,100,0.68,Instance2,767,-49,100,0.32
Object2879,Instance1,984,-25,30,0.44,Instance2,984,-26,30,0.56
Object2880,Instance1,314,-38,10,0.19,Instance2,314,-6,10,0.81
Object2881,Instance1,983,-44,200,0.33,Instance2,983,-24,200,0.67
Object2882,Instance1,447,-16,100,0.92,Instance2,447,-47,100,0.08
Object2883,Instance1,767,-17,90,0.23,Instance2,767,-50,90,0.77
Object2884,Instance1,374,-20,200,0.46,Instance2,374,-23,200,0.54
Object2885,Instance1,679,-25,170,0.54,Instance2,679,-2,170,0.46
Object2886,Instance1,286,-33,50,0.91,Instance2,286,-12,50,0.09
Object2887,Instance1,613,-8,160,0.11,Instance2,613,-44,160,0.89
Object2888,Instance1,344,-25,60,0.08,Instance2,344,-6,60,0.92
Object2889,Instance1,474,-9,120,0.79,Instance2,474,-23,120,0.21
Object2890,Instance1,549,-9,160,0.93,Instance2,549,-7,160,0.07
Object2891,Instance1,638,-20,150,0.59,Instance2,638,-13,150,0.41
Object2892,Instance1,778,-26,50,0.6,Instance2,778,-39,50,0.4
Object2893,Instance1,476,-35,50,0.72,Instance2,476,-19,50,0.28
Object2894,Instance1,846,-6,100,0.71,Instance2,846,-26,100,0.29
Object2895,Instance1,476,-18,140,0.77,Instance2,476,-43,140,0.23
Object2896,Instance1,140,-24,90,0.31,Instance2,140,-19,90,0.69
Object2897,Instance1,691,-40,10,0.64,Instance2,691,-12,10,0.36
Object2898,Instance1,218,-24,160,0.92,Instance2,218,-18,160,0.08
Object2899,Instance1,806,-10,10,0.9,Instance2,806,-8,10,0.1
Object2900,Instance1,449,-9,60,0.95,Instance2,449,-46,60,0.05
Object2901,Instance1,794,-40,100,0.9,Instance2,794,-28,100,0.1
Object2902,Instance1,803,-8,10,0.9,Instance2,803,-18,10,0.1
Object2903,Instance1,683,-49,100,0.32,Instance2,683,-6,100,0.68
Object2904,Instance1,649,-36,190,0.02,Instance2,649,-10,190,0.98
Object2905,Instance1,150,-9,90,0.96,Instance2,150,-10,90,0.04
Object2906,Instance1,895,-24,180,0.56,Instance2,895,-38,180,0.44
Object2907,Instance1,178,-43,180,0.65,Instance2,178,-44,180,0.35
Object2908,Instance1,671,-10,50,0.22,Instance2,671,-29,50,0.78
Object2909,Instance1,696,-46,140,0.64,Instance2,696,-37,140,0.36
Object2910,Instance1,451,-14,30,0.53,Instance2,451,-12,30,0.47
Object2911,Instance1,814,-47,180,0.65,Instance2,814,-30,180,0.35
Object2912,Instance1,878,-4,200,0.64,Instance2,878,-16,200,0.36
Object2913,Instance1,777,-44,150,0.25,Instance2,777,-35,150,0.75
Object2914,Instance1,25,-11,10,0.21,Instance2,25,-35,10,0.79
Object2915,Instance1,395,-32,60,0.64,Instance2,395,-47,60,0.36
Object2916,Instance1,216,-6,10,0.31,Instance2,216,-16,10,0.69
Object2917,Instance1,617,-7,70,0.22,Instance2,617,-27,70,0.78
Object2918,Instance1,947,-18,130,0.37,Instance2,947,-18,130,0.63
Object2919,Instance1,211,-44,110,0.1,Instance2,211,-39,110,0.9
Object2920,Instance1,458,-32,140,0.05,Instance2,458,-38,140,0.95
Object2921,Instance1,173,-30,30,0.85,Instance2,173,-4,30,0.15
Object2922,Instance1,189,-15,40,0.97,Instance2,189,-3,40,0.03
Object2923,Instance1,995,-19,140,0.43,Instance2,995,-1,140,0.57
Object2924,Instance1,484,-31,60,0.64,Instance2,484,-6,60,0.36
Object2925,Instance1,111,-10,170,0.07,Instance2,111,-11,170,0.93
Object2926,Instance1,597,-38,130,0.79,Instance2,597,-49,130,0.21
Object2927,Instance1,896,-5,170,0.77,Instance2,896,-13,170,0.23
Object2928,Instance1,416,-47,40,0.17,Instance2,416,-42,40,0.83
Object2929,Instance1,529,-38,160,0.3,Instance2,529,-24,160,0.7
Object2930,Instance1,678,-39,190,0.12,Instance2,678,-42,190,0.88
Object2931,Instance1,538,-35,130,0.19,Instance2,538,-50,130,0.81
Object2932,Instance1,613,-12,160,0.27,Instance2,613,-16,160,0.73
Object2933,Instance1,444,-43,190,0.06,Instance2,444,-50,190,0.94
Object2934,Instance1,779,-5,90,0.76,Instance2,779,-39,90,0.24
Object2935,Instance1,448,-12,160,0.69,Instance2,448,-27,160,0.31
Object2936,Instance1,670,-9,140,0.58,Instance2,670,-14,140,0.42
Object2937,Instance1,583,-19,80,0.83,Instance2,583,-26,80,0.17
Object2938,Instance1,229,-39,110,0.27,Instance2,229,-31,110,0.73
Object2939,Instance1,32,-45,20,0.59,Instance2,32,-18,20,0.41
Object2940,Instance1,69,-43,120,0.02,Instance2,69,-47,120,0.98
Object2941,Instance1,127,-15,150,0.96,Instance2,127,-38,150,0.04
Object2942,Instance1,583,-38,60,0.17,Instance2,583,-12,60,0.83
Object2943,Instance1,258,-35,170,0.64,Instance2,258,-3,170,0.36
Object2944,Instance1,814,-40,40,0.6,Instance2,814,-31,40,0.4
Object2945,Instance1,300,-19,110,0.47,Instance2,300,-27,110,0.53
Object2946,Instance1,252,-18,160,0.49,Instance2,252,-33,160,0.51
Object2947,Instance1,937,-6,200,0.65,Instance2,937,-9,200,0.35
Object2948,Instance1,508,-45,70,0.16,Instance2,508,-25,70,0.84
Object2949,Instance1,241,-5,90,0.72,Instance2,241,-2,90,0.28
Object2950,Instance1,258,-4,150,0.59,Instance2,258,-20,150,0.41
Object2951,Instance1,475,-38,180,0.88,Instance2,475,-40,180,0.12
Object2952,Instance1,431,-34,20,0.7,Instance2,431,-16,20,0.3
Object2953,Instance1,391,-39,40,0.62,Instance2,391,-41,40,0.38
Object2954,Instance1,31,-43,30,0.42,Instance2,31,-29,30,0.58
Object2955,Instance1,852,-6,200,0.11,Instance2,852,-36,200,0.89
Object2956,Instance1,309,-5,170,0.32,Instance2,309,-18,170,0.68
Object2957,Instance1,378,-15,190,0.9,Instance2,378,-36,190,0.1
Object2958,Instance1,711,-32,130,0.76,Instance2,711,-36,130,0.24
Object2959,Instance1,570,-48,90,0.35,Instance2,570,-32,90,0.65
Object2960,Instance1,141,-8,100,0.92,Instance2,141,-33,100,0.08
Object2961,Instance1,975,-38,130,0.14,Instance2,975,-24,130,0.86
Object2962,Instance1,788,-1,160,0.31,Instance2,788,-45,160,0.69
Object2963,Instance1,735,-19,90,0.21,Instance2,735,-48,90,0.79
Object2964,Instance1,889,-19,70,0.85,Instance2,889,-47,70,0.15
Object2965,Instance1,421,-5,40,0.83,Instance2,421,-40,40,0.17
Object2966,Instance1,805,-29,180,0.49,Instance2,805,-31,180,0.51
Object2967,Instance1,914,-8,70,0.68,Instance2,914,-4,70,0.32
Object2968,Instance1,867,-42,200,0.87,Instance2,867,-13,200,0.13
Object2969,Instance1,731,-31,180,0.33,Instance2,731,-47,180,0.67
Object2970,Instance1,389,-3,30,0.24,Instance2,389,-31,30,0.76
Object2971,Instance1,148,-5,10,0.32,Instance2,148,-46,10,0.68
Object2972,Instance1,969,-47,50,0.19,Instance2,969,-45,50,0.81
Object2973,Instance1,225,-27,90,0.3,Instance2,225,-40,90,0.7
Object2974,Instance1,351,-47,200,0.06,Instance2,351,-40,200,0.94
Object2975,Instance1,533,-23,80,0.38,Instance2,533,-50,80,0.62
Object2976,Instance1,13,-48,110,0.09,Instance2,13,-32,110,0.91
Object2977,Instance1,545,-30,10,0.68,Instance2,545,-43,10,0.32
Object2978,Instance1,867,-10,180,0.36,Instance2,867,-44,180,0.64
Object2979,Instance1,178,-49,180,0.63,Instance2,178,-5,180,0.37
Object2980,Instance1,590,-27,200,0.15,Instance2,590,-36,200,0.85
Object2981,Instance1,503,-11,200,0.63,Instance2,503,-15,200,0.37
Object2982,Instance1,484,-18,20,0.85,Instance2,484,-37,20,0.15
Object2983,Instance1,626,-1,200,0.55,Instance2,626,-45,200,0.45
Object2984,Instance1,652,-17,190,0.34,Instance2,652,-21,190,0.66
Object2985,Instance1,704,-28,10,0.88,Instance2,704,-12,10,0.12
Object2986,Instance1,607,-45,80,0.44,Instance2,607,-44,80,0.56
Object2987,Instance1,921,-22,80,0.69,Instance2,921,-22,80,0.31
Object2988,Instance1,491,-7,40,0.55,Instance2,491,-26,40,0.45
Object2989,Instance1,540,-41,110,0.5,Instance2,540,-13,110,0.5
Object2990,Instance1,838,-12,80,0.18,Instance2,838,-13,80,0.82
Object2991,Instance1,293,-11,90,0.26,Instance2,293,-29,90,0.74
Object2992,Instance1,327,-24,150,0.52,Instance2,327,-28,150,0.48
Object2993,Instance1,574,-4,100,0.95,Instance2,574,-30,100,0.05
Object2994,Instance1,28,-6,10,0.65,Instance2,28,-9,10,0.35
Object2995,Instance1,837,-26,90,0.96,Instance2,837,-2,90,0.04
Object2996,Instance1,136,-10,160,0.49,Instance2,136,-36,160,0.51
Object2997,Instance1,795,-10,60,0.3,Instance2,795,-23,60,0.7
Object2998,Instance1,799,-33,120,0.86,Instance2,799,-28,120,0.14
Object2999,Instance1,617,-50,140,0.71,Instance2,617,-9,140,0.29
Object3000,Instance1,280,-10,30,0.81,Instance2,280,-6,30,0.19
Object3001,Instance1,745,-35,70,0.98,Instance2,745,-27,70,0.02
Object3002,Instance1,287,-17,170,0.15,Instance2,287,-10,170,0.85
Object3003,Instance1,410,-26,150,0.9,Instance2,410,-5,150,0.1
Object3004,Instance1,975,-23,60,0.46,Instance2,975,-21,60,0.54
Object3005,Instance1,908,-31,130,0.66,Instance2,908,-23,130,0.34
Object3006,Instance1,144,-45,140,0.72,Instance2,144,-45,140,0.28
Object3007,Instance1,790,-37,170,0.87,Instance2,790,-24,170,0.13
Object3008,Instance1,341,-49,190,0.34,Instance2,341,-35,190,0.66
Object3009,Instance1,71,-30,20,0.21,Instance2,71,-13,20,0.79
Object3010,Instance1,498,-26,60,0.99,Instance2,498,-13,60,0.01
Object3011,Instance1,344,-18,180,0.15,Instance2,344,-33,180,0.85
Object3012,Instance1,369,-10,170,0.45,Instance2,369,-42,170,0.55
Object3013,Instance1,64,-2,10,0.84,Instance2,64,-35,10,0.16
Object3014,Instance1,963,-45,40,0.46,Instance2,963,-39,40,0.54
Object3015,Instance1,232,-42,160,0.82,Instance2,232,-18,160,0.18
Object3016,Instance1,337,-5,130,0.68,Instance2,337,-35,130,0.32
Object3017,Instance1,585,-39,90,0.54,Instance2,585,-19,90,0.46
Object3018,Instance1,55,-17,60,0.15,Instance2,55,-41,60,0.85
Object3019,Instance1,428,-39,200,0.87,Instance2,428,-19,200,0.13
Object3020,Instance1,243,-2,150,0.54,Instance2,243,-22,150,0.46
Object3021,Instance1,105,-25,200,0.37,Instance2,105,-9,200,0.63
Object3022,Instance1,817,-26,170,0.82,Instance2,817,-34,170,0.18
Object3023,Instance1,481,-22,160,0.57,Instance2,481,-35,160,0.43
Object3024,Instance1,405,-23,60,0.28,Instance2,405,-24,60,0.72
Object3025,Instance1,449,-41,160,0.04,Instance2,449,-21,160,0.96
Object3026,Instance1,320,-47,200,0.27,Instance2,320,-49,200,0.73
Object3027,Instance1,139,-16,80,0.9,Instance2,139,-32,80,0.1
Object3028,Instance1,539,-12,20,0.19,Instance2,539,-50,20,0.81
Object3029,Instance1,498,-43,10,0.17,Instance2,498,-47,10,0.83
Object3030,Instance1,596,-30,150,0.07,Instance2,596,-22,150,0.93
Object3031,Instance1,75,-45,40,1.0,Instance2,75,-16,40,0.0
Object3032,Instance1,149,-19,30,0.68,Instance2,149,-35,30,0.32
Object3033,Instance1,315,-32,190,0.39,Instance2,315,-34,190,0.61
Object3034,Instance1,1,-8,40,0.25,Instance2,1,-33,40,0.75
Object3035,Instance1,843,-3,200,0.87,Instance2,843,-12,200,0.13
Object3036,Instance1,696,-48,120,0.38,Instance2,696,-18,120,0.62
Object3037,Instance1,537,-28,40,0.31,Instance2,537,-8,40,0.69
Object3038,Instance1,979,-7,50,0.09,Instance2,979,-37,50,0.91
Object3039,Instance1,561,-26,40,0.02,Instance2,561,-9,40,0.98
Object3040,Instance1,869,-25,70,0.96,Instance2,869,-19,70,0.04
Object3041,Instance1,991,-29,100,0.59,Instance2,991,-22,100,0.41
Object3042,Instance1,757,-1,200,0.31,Instance2,757,-38,200,0.69
Object3043,Instance1,989,-46,120,0.55,Instance2,989,-19,120,0.45
Object3044,Instance1,563,-15,130,0.21,Instance2,563,-47,130,0.79
Object3045,Instance1,394,-37,20,0.26,Instance2,394,-28,20,0.74
Object3046,Instance1,591,-14,70,0.63,Instance2,591,-25,70,0.37
Object3047,Instance1,880,-48,90,0.46,Instance2,880,-42,90,0.54
Object3048,Instance1,35,-8,130,0.25,Instance2,35,-40,130,0.75
Object3049,Instance1,258,-17,70,0.44,Instance2,258,-36,70,0.56
Object3050,Instance1,580,-11,200,0.62,Instance2,580,-12,200,0.38
Object3051,Instance1,312,-14,140,0.92,Instance2,312,-17,140,0.08
Object3052,Instance1,456,-30,100,0.01,Instance2,456,-28,100,0.99
Object3053,Instance1,362,-17,90,0.78,Instance2,362,-35,90,0.22
Object3054,Instance1,663,-3,200,1.0,Instance2,663,-17,200,0.0
Object3055,Instance1,296,-20,30,0.86,Instance2,296,-12,30,0.14
Object3056,Instance1,970,-25,100,0.59,Instance2,970,-48,100,0.41
Object3057,Instance1,73,-27,40,0.96,Instance2,73,-5,40,0.04
Object3058,Instance1,16,-41,40,0.39,Instance2,16,-18,40,0.61
Object3059,Instance1,872,-41,170,0.56,Instance2,872,-13,170,0.44
Object3060,Instance1,267,-14,50,0.77,Instance2,267,-22,50,0.23
Object3061,Instance1,884,-36,60,0.99,Instance2,884,-9,60,0.01
Object3062,Instance1,53,-26,10,0.51,Instance2,53,-46,10,0.49
Object3063,Instance1,933,-43,140,0.1,Instance2,933,-38,140,0.9
Object3064,Instance1,739,-17,170,0.48,Instance2,739,-37,170,0.52
Object3065,Instance1,216,-31,70,0.08,Instance2,216,-50,70,0.92
Object3066,Instance1,957,-41,10,0.81,Instance2,957,-14,10,0.19
Object3067,Instance1,885,-34,90,0.67,Instance2,885,-36,90,0.33
Object3068,Instance1,175,-8,10,0.42,Instance2,175,-7,10,0.58
Object3069,Instance1,395,-17,30,0.13,Instance2,395,-7,30,0.87
Object3070,Instance1,593,-7,20,0.88,Instance2,593,-44,20,0.12
Object3071,Instance1,301,-42,200,0.66,Instance2,301,-19,200,0.34
Object3072,Instance1,692,-44,60,0.08,Instance2,692,-27,60,0.92
Object3073,Instance1,457,-6,40,0.76,Instance2,457,-34,40,0.24
Object3074,Instance1,107,-31,190,0.64,Instance2,107,-31,190,0.36
Object3075,Instance1,329,-25,100,0.42,Instance2,329,-41,100,0.58
Object3076,Instance1,121,-6,200,0.81,Instance2,121,-17,200,0.19
Object3077,Instance1,459,-30,20,0.66,Instance2,459,-36,20,0.34
Object3078,Instance1,987,-45,90,0.49,Instance2,987,-38,90,0.51
Object3079,Instance1,286,-3,70,0.65,Instance2,286,-18,70,0.35
Object3080,Instance1,549,-34,100,0.13,Instance2,549,-10,100,0.87
Object3081,Instance1,512,-12,110,0.18,Instance2,512,-39,110,0.82
Object3082,Instance1,315,-48,140,0.55,Instance2,315,-43,140,0.45
Object3083,Instance1,960,-36,30,0.18,Instance2,960,-36,30,0.82
Object3084,Instance1,729,-12,190,0.23,Instance2,729,-36,190,0.77
Object3085,Instance1,159,-43,50,0.71,Instance2,159,-3,50,0.29
Object3086,Instance1,34,-50,130,0.08,Instance2,34,-24,130,0.92
Object3087,Instance1,655,-37,80,0.42,Instance2,655,-26,80,0.58
Object3088,Instance1,790,-32,50,0.52,Instance2,790,-6,50,0.48
Object3089,Instance1,30,-46,150,0.93,Instance2,30,-43,150,0.07
Object3090,Instance1,280,-36,30,0.65,Instance2,280,-24,30,0.35
Object3091,Instance1,196,-11,90,0.74,Instance2,196,-31,90,0.26
Object3092,Instance1,479,-23,90,0.43,Instance2,479,-8,90,0.57
Object3093,Instance1,101,-21,150,0.93,Instance2,101,-38,150,0.07
Object3094,Instance1,114,-39,80,0.45,Instance2,114,-11,80,0.55
Object3095,Instance1,435,-46,160,0.19,Instance2,435,-44,160,0.81
Object3096,Instance1,806,-18,90,0.67,Instance2,806,-44,90,0.33
Object3097,Instance1,719,-46,180,0.78,Instance2,719,-41,180,0.22
Object3098,Instance1,210,-22,120,0.21,Instance2,210,-18,120,0.79
Object3099,Instance1,610,-7,30,0.54,Instance2,610,-7,30,0.46
Object3100,Instance1,967,-42,30,0.47,Instance2,967,-30,30,0.53
Object3101,Instance1,772,-41,60,0.37,Instance2,772,-46,60,0.63
Object3102,Instance1,281,-24,70,0.94,Instance2,281,-11,70,0.06
Object3103,Instance1,785,-13,60,0.73,Instance2,785,-35,60,0.27
Object3104,Instance1,866,-1,20,0.64,Instance2,866,-8,20,0.36
Object3105,Instance1,422,-17,60,0.18,Instance2,422,-34,60,0.82
Object3106,Instance1,294,-22,120,0.47,Instance2,294,-2,120,0.53
Object3107,Instance1,856,-49,90,0.1,Instance2,856,-18,90,0.9
Object3108,Instance1,894,-21,60,0.28,Instance2,894,-39,60,0.72
Object3109,Instance1,392,-13,10,0.36,Instance2,392,-45,10,0.64
Object3110,Instance1,877,-24,150,0.22,Instance2,877,-17,150,0.78
Object3111,Instance1,527,-28,80,0.24,Instance2,527,-37,80,0.76
Object3112,Instance1,713,-50,180,0.46,Instance2,713,-9,180,0.54
Object3113,Instance1,636,-3,70,0.03,Instance2,636,-9,70,0.97
Object3114,Instance1,694,-44,60,0.64,Instance2,694,-44,60,0.36
Object3115,Instance1,254,-8,50,0.99,Instance2,254,-31,50,0.01
Object3116,Instance1,231,-38,110,0.85,Instance2,231,-8,110,0.15
Object3117,Instance1,256,-23,30,0.17,Instance2,256,-45,30,0.83
Object3118,Instance1,699,-25,50,0.21,Instance2,699,-34,50,0.79
Object3119,Instance1,734,-44,90,0.25,Instance2,734,-30,90,0.75
Object3120,Instance1,226,-28,170,0.96,Instance2,226,-39,170,0.04
Object3121,Instance1,360,-1,20,0.31,Instance2,360,-30,20,0.69
Object3122,Instance1,295,-50,70,0.99,Instance2,295,-4,70,0.01
Object3123,Instance1,6,-26,160,0.91,Instance2,6,-20,160,0.09
Object3124,Instance1,527,-21,30,0.83,Instance2,527,-38,30,0.17
Object3125,Instance1,846,-42,30,0.64,Instance2,846,-35,30,0.36
Object3126,Instance1,839,-35,110,0.17,Instance2,839,-30,110,0.83
Object3127,Instance1,726,-50,190,0.07,Instance2,726,-12,190,0.93
Object3128,Instance1,535,-26,130,0.89,Instance2,535,-26,130,0.11
Object3129,Instance1,536,-50,150,0.37,Instance2,536,-24,150,0.63
Object3130,Instance1,322,-4,20,0.43,Instance2,322,-13,20,0.57
Object3131,Instance1,878,-3,170,0.36,Instance2,878,-16,170,0.64
Object3132,Instance1,342,-40,20,0.02,Instance2,342,-9,20,0.98
Object3133,Instance1,17,-16,190,0.07,Instance2,17,-5,190,0.93
Object3134,Instance1,620,-34,80,0.64,Instance2,620,-25,80,0.36
Object3135,Instance1,802,-34,50,0.44,Instance2,802,-37,50,0.56
Object3136,Instance1,772,-14,200,0.76,Instance2,772,-30,200,0.24
Object3137,Instance1,377,-9,200,0.84,Instance2,377,-35,200,0.16
Object3138,Instance1,948,-38,130,0.04,Instance2,948,-11,130,0.96
Object3139,Instance1,773,-8,150,0.52,Instance2,773,-22,150,0.48
Object3140,Instance1,902,-34,70,0.81,Instance2,902,-9,70,0.19
Object3141,Instance1,42,-15,10,0.22,Instance2,42,-27,10,0.78
Object3142,Instance1,614,-49,20,0.71,Instance2,614,-34,20,0.29
Object3143,Instance1,792,-12,80,0.32,Instance2,792,-16,80,0.68
Object3144,Instance1,770,-28,100,0.22,Instance2,770,-14,100,0.78
Object3145,Instance1,940,-17,40,0.62,Instance2,940,-13,40,0.38
Object3146,Instance1,474,-16,20,0.24,Instance2,474,-26,20,0.76
Object3147,Instance1,420,-39,120,0.91,Instance2,420,-9,120,0.09
Object3148,Instance1,421,-24,160,0.51,Instance2,421,-3,160,0.49
Object3149,Instance1,366,-10,140,0.75,Instance2,366,-29,140,0.25
Object3150,Instance1,800,-7,200,0.5,Instance2,800,-45,200,0.5
Object3151,Instance1,423,-35,20,0.82,Instance2,423,-13,20,0.18
Object3152,Instance1,631,-26,90,0.44,Instance2,631,-32,90,0.56
Object3153,Instance1,156,-5,160,0.09,Instance2,156,-42,160,0.91
Object3154,Instance1,675,-46,140,0.2,Instance2,675,-4,140,0.8
Object3155,Instance1,855,-3,10,0.95,Instance2,855,-3,10,0.05
Object3156,Instance1,727,-13,90,0.3,Instance2,727,-48,90,0.7
Object3157,Instance1,520,-38,70,0.27,Instance2,520,-42,70,0.73
Object3158,Instance1,406,-13,130,0.25,Instance2,406,-28,130,0.75
Object3159,Instance1,910,-9,100,0.01,Instance2,910,-22,100,0.99
Object3160,Instance1,63,-45,50,0.43,Instance2,63,-7,50,0.57
Object3161,Instance1,513,-39,200,0.01,Instance2,513,-6,200,0.99
Object3162,Instance1,792,-31,20,0.59,Instance2,792,-44,20,0.41
Object3163,Instance1,401,-8,120,0.96,Instance2,401,-14,120,0.04
Object3164,Instance1,114,-26,110,0.65,Instance2,114,-14,110,0.35
Object3165,Instance1,743,-14,120,0.79,Instance2,743,-45,120,0.21
Object3166,Instance1,575,-34,110,0.78,Instance2,575,-40,110,0.22
Object3167,Instance1,62,-49,180,0.29,Instance2,62,-26,180,0.71
Object3168,Instance1,224,-44,10,0.86,Instance2,224,-50,10,0.14
Object3169,Instance1,970,-8,100,0.37,Instance2,970,-1,100,0.63
Object3170,Instance1,817,-6,200,0.9,Instance2,817,-20,200,0.1
Object3171,Instance1,136,-24,110,0.21,Instance2,136,-21,110,0.79
Object3172,Instance1,485,-16,10,0.81,Instance2,485,-3,10,0.19
Object3173,Instance1,263,-19,180,0.09,Instance2,263,-36,180,0.91
Object3174,Instance1,290,-9,70,0.93,Instance2,290,-12,70,0.07
Object3175,Instance1,42,-38,20,0.39,Instance2,42,-9,20,0.61
Object3176,Instance1,720,-50,20,0.27,Instance2,720,-43,20,0.73
Object3177,Instance1,729,-10,10,0.54,Instance2,729,-4,10,0.46
Object3178,Instance1,420,-35,200,0.57,Instance2,420,-42,200,0.43
Object3179,Instance1,414,-10,200,0.36,Instance2,414,-9,200,0.64
Object3180,Instance1,595,-9,50,0.22,Instance2,595,-33,50,0.78
Object3181,Instance1,500,-18,130,0.96,Instance2,500,-44,130,0.04
Object3182,Instance1,26,-13,150,0.7,Instance2,26,-12,150,0.3
Object3183,Instance1,395,-23,100,0.42,Instance2,395,-49,100,0.58
Object3184,Instance1,922,-14,30,0.32,Instance2,922,-38,30,0.68
Object3185,Instance1,600,-30,150,0.11,Instance2,600,-3,150,0.89
Object3186,Instance1,29,-3,190,0.63,Instance2,29,-50,190,0.37
Object3187,Instance1,746,-30,200,0.33,Instance2,746,-2,200,0.67
Object3188,Instance1,411,-29,140,0.34,Instance2,411,-23,140,0.66
Object3189,Instance1,469,-49,170,0.81,Instance2,469,-32,170,0.19
Object3190,Instance1,996,-34,100,0.87,Instance2,996,-3,100,0.13
Object3191,Instance1,655,-17,100,0.45,Instance2,655,-31,100,0.55
Object3192,Instance1,801,-7,100,0.19,Instance2,801,-7,100,0.81
Object3193,Instance1,881,-14,30,0.03,Instance2,881,-16,30,0.97
Object3194,Instance1,854,-21,150,0.79,Instance2,854,-28,150,0.21
Object3195,Instance1,669,-32,140,0.52,Instance2,669,-46,140,0.48
Object3196,Instance1,741,-47,40,0.48,Instance2,741,-41,40,0.52
Object3197,Instance1,75,-4,130,0.56,Instance2,75,-13,130,0.44
Object3198,Instance1,596,-31,20,0.89,Instance2,596,-44,20,0.11
Object3199,Instance1,992,-35,130,0.07,Instance2,992,-1,130,0.93
Object3200,Instance1,313,-13,100,0.95,Instance2,313,-25,100,0.05
Object3201,Instance1,941,-47,170,0.69,Instance2,941,-41,170,0.31
Object3202,Instance1,90,-37,30,0.86,Instance2,90,-36,30,0.14
Object3203,Instance1,291,-7,30,0.32,Instance2,291,-33,30,0.68
Object3204,Instance1,335,-29,30,0.06,Instance2,335,-28,30,0.94
Object3205,Instance1,36,-41,70,0.41,Instance2,36,-29,70,0.59
Object3206,Instance1,969,-42,130,0.63,Instance2,969,-19,130,0.37
Object3207,Instance1,175,-14,140,0.96,Instance2,175,-13,140,0.04
Object3208,Instance1,564,-1,160,0.25,Instance2,564,-29,160,0.75
Object3209,Instance1,44,-5,40,0.49,Instance2,44,-44,40,0.51
Object3210,Instance1,685,-50,160,0.98,Instance2,685,-9,160,0.02
Object3211,Instance1,340,-37,170,0.4,Instance2,340,-38,170,0.6
Object3212,Instance1,634,-40,50,0.67,Instance2,634,-4,50,0.33
Object3213,Instance1,513,-22,70,0.1,Instance2,513,-10,70,0.9
Object3214,Instance1,699,-45,200,0.24,Instance2,699,-49,200,0.76
Object3215,Instance1,980,-46,80,0.28,Instance2,980,-17,80,0.72
Object3216,Instance1,187,-47,170,0.06,Instance2,187,-7,170,0.94
Object3217,Instance1,833,-35,120,0.58,Instance2,833,-28,120,0.42
Object3218,Instance1,198,-34,150,0.93,Instance2,198,-24,150,0.07
Object3219,Instance1,54,-19,130,0.1,Instance2,54,-36,130,0.9
Object3220,Instance1,150,-26,140,0.95,Instance2,150,-29,140,0.05
Object3221,Instance1,930,-35,40,0.6,Instance2,930,-21,40,0.4
Object3222,Instance1,371,-17,140,0.2,Instance2,371,-49,140,0.8
Object3223,Instance1,714,-1,80,0.63,Instance2,714,-6,80,0.37
Object3224,Instance1,85,-43,10,0.9,Instance2,85,-18,10,0.1
Object3225,Instance1,584,-3,190,0.65,Instance2,584,-9,190,0.35
Object3226,Instance1,120,-43,190,0.06,Instance2,120,-11,190,0.94
Object3227,Instance1,317,-31,30,0.42,Instance2,317,-1,30,0.58
Object3228,Instance1,365,-4,120,0.31,Instance2,365,-29,120,0.69
Object3229,Instance1,1000,-10,90,0.22,Instance2,1000,-37,90,0.78
Object3230,Instance1,621,-40,130,0.6,Instance2,621,-41,130,0.4
Object3231,Instance1,939,-22,170,0.1,Instance2,939,-2,170,0.9
Object3232,Instance1,386,-43,170,0.09,Instance2,386,-23,170,0.91
Object3233,Instance1,849,-25,90,0.36,Instance2,849,-47,90,0.64
Object3234,Instance1,890,-17,20,0.32,Instance2,890,-40,20,0.68
Object3235,Instance1,678,-45,200,0.61,Instance2,678,-26,200,0.39
Object3236,Instance1,314,-44,20,0.89,Instance2,314,-46,20,0.11
Object3237,Instance1,163,-35,200,0.46,Instance2,163,-4,200,0.54
Object3238,Instance1,130,-37,190,0.41,Instance2,130,-31,190,0.59
Object3239,Instance1,104,-27,100,0.11,Instance2,104,-38,100,0.89
Object3240,Instance1,322,-41,130,0.69,Instance2,322,-40,130,0.31
Object3241,Instance1,543,-23,100,0.37,Instance2,543,-43,100,0.63
Object3242,Instance1,954,-2,160,0.24,Instance2,954,-46,160,0.76
Object3243,Instance1,457,-27,120,0.75,Instance2,457,-9,120,0.25
Object3244,Instance1,431,-22,120,0.52,Instance2,431,-47,120,0.48
Object3245,Instance1,926,-9,100,0.52,Instance2,926,-5,100,0.48
Object3246,Instance1,836,-47,190,0.4,Instance2,836,-17,190,0.6
Object3247,Instance1,811,-13,180,0.43,Instance2,811,-28,180,0.57
Object3248,Instance1,59,-11,100,0.23,Instance2,59,-27,100,0.77
Object3249,Instance1,243,-5,120,0.42,Instance2,243,-10,120,0.58
Object3250,Instance1,339,-45,140,0.5,Instance2,339,-13,140,0.5
Object3251,Instance1,39,-18,180,0.05,Instance2,39,-14,180,0.95
Object3252,Instance1,138,-17,200,0.43,Instance2,138,-15,200,0.57
Object3253,Instance1,465,-18,40,0.01,Instance2,465,-27,40,0.99
Object3254,Instance1,933,-28,110,0.11,Instance2,933,-33,110,0.89
Object3255,Instance1,241,-9,140,0.39,Instance2,241,-28,140,0.61
Object3256,Instance1,707,-50,90,0.53,Instance2,707,-33,90,0.47
Object3257,Instance1,60,-20,30,0.33,Instance2,60,-19,30,0.67
Object3258,Instance1,896,-15,80,0.03,Instance2,896,-44,80,0.97
Object3259,Instance1,849,-44,20,0.58,Instance2,849,-32,20,0.42
Object3260,Instance1,193,-11,170,0.39,Instance2,193,-19,170,0.61
Object3261,Instance1,797,-15,10,0.73,Instance2,797,-35,10,0.27
Object3262,Instance1,513,-2,10,0.36,Instance2,513,-1,10,0.64
Object3263,Instance1,365,-42,80,0.81,Instance2,365,-26,80,0.19
Object3264,Instance1,652,-2,30,0.41,Instance2,652,-12,30,0.59
Object3265,Instance1,616,-28,120,0.22,Instance2,616,-35,120,0.78
Object3266,Instance1,105,-13,110,0.15,Instance2,105,-45,110,0.85
Object3267,Instance1,348,-1,20,0.77,Instance2,348,-29,20,0.23
Object3268,Instance1,528,-38,170,0.19,Instance2,528,-37,170,0.81
Object3269,Instance1,869,-18,10,0.79,Instance2,869,-45,10,0.21
Object3270,Instance1,827,-2,110,0.15,Instance2,827,-30,110,0.85
Object3271,Instance1,612,-21,100,0.43,Instance2,612,-46,100,0.57
Object3272,Instance1,657,-23,110,0.52,Instance2,657,-24,110,0.48
Object3273,Instance1,12,-23,140,0.13,Instance2,12,-41,140,0.87
Object3274,Instance1,26,-47,10,0.39,Instance2,26,-17,10,0.61
Object3275,Instance1,873,-22,120,0.06,Instance2,873,-39,120,0.94
Object3276,Instance1,92,-36,50,0.12,Instance2,92,-31,50,0.88
Object3277,Instance1,304,-17,170,0.44,Instance2,304,-18,170,0.56
Object3278,Instance1,307,-12,160,0.99,Instance2,307,-42,160,0.01
Object3279,Instance1,547,-12,150,0.83,Instance2,547,-7,150,0.17
Object3280,Instance1,286,-50,110,0.92,Instance2,286,-19,110,0.08
Object3281,Instance1,521,-27,170,0.17,Instance2,521,-1,170,0.83
Object3282,Instance1,975,-45,140,0.89,Instance2,975,-32,140,0.11
Object3283,Instance1,631,-24,130,0.75,Instance2,631,-7,130,0.25
Object3284,Instance1,363,-26,40,0.83,Instance2,363,-13,40,0.17
Object3285,Instance1,573,-24,100,0.53,Instance2,573,-3,100,0.47
Object3286,Instance1,714,-21,100,0.54,Instance2,714,-27,100,0.46
Object3287,Instance1,971,-12,180,0.97,Instance2,971,-48,180,0.03
Object3288,Instance1,709,-1,160,0.7,Instance2,709,-9,160,0.3
Object3289,Instance1,576,-23,170,0.43,Instance2,576,-26,170,0.57
Object3290,Instance1,342,-29,170,0.75,Instance2,342,-35,170,0.25
Object3291,Instance1,742,-17,150,0.96,Instance2,742,-38,150,0.04
Object3292,Instance1,911,-27,10,0.71,Instance2,911,-36,10,0.29
Object3293,Instance1,494,-36,200,0.71,Instance2,494,-34,200,0.29
Object3294,Instance1,671,-35,50,0.88,Instance2,671,-15,50,0.12
Object3295,Instance1,847,-19,60,0.43,Instance2,847,-4,60,0.57
Object3296,Instance1,776,-22,30,0.25,Instance2,776,-22,30,0.75
Object3297,Instance1,218,-9,140,0.01,Instance2,218,-12,140,0.99
Object3298,Instance1,497,-50,190,0.72,Instance2,497,-18,190,0.28
Object3299,Instance1,109,-30,180,0.95,Instance2,109,-8,180,0.05
Object3300,Instance1,861,-7,190,0.16,Instance2,861,-22,190,0.84
Object3301,Instance1,128,-2,30,0.18,Instance2,128,-10,30,0.82
Object3302,Instance1,549,-36,30,0.0,Instance2,549,-36,30,1.0
Object3303,Instance1,23,-19,170,0.93,Instance2,23,-30,170,0.07
Object3304,Instance1,514,-21,50,0.8,Instance2,514,-12,50,0.2
Object3305,Instance1,609,-36,20,0.25,Instance2,609,-8,20,0.75
Object3306,Instance1,923,-44,180,0.8,Instance2,923,-36,180,0.2
Object3307,Instance1,291,-20,40,0.98,Instance2,291,-27,40,0.02
Object3308,Instance1,573,-5,190,0.62,Instance2,573,-37,190,0.38
Object3309,Instance1,457,-11,120,0.38,Instance2,457,-46,120,0.62
Object3310,Instance1,615,-43,50,0.23,Instance2,615,-28,50,0.77
Object3311,Instance1,590,-4,170,0.13,Instance2,590,-8,170,0.87
Object3312,Instance1,363,-37,140,0.03,Instance2,363,-31,140,0.97
Object3313,Instance1,841,-24,130,0.08,Instance2,841,-33,130,0.92
Object3314,Instance1,772,-31,30,0.64,Instance2,772,-16,30,0.36
Object3315,Instance1,763,-46,30,0.17,Instance2,763,-15,30,0.83
Object3316,Instance1,296,-50,200,0.4,Instance2,296,-43,200,0.6
Object3317,Instance1,288,-3,120,0.13,Instance2,288,-14,120,0.87
Object3318,Instance1,817,-15,70,0.13,Instance2,817,-49,70,0.87
Object3319,Instance1,74,-35,130,0.24,Instance2,74,-41,130,0.76
Object3320,Instance1,925,-41,190,0.84,Instance2,925,-13,190,0.16
Object3321,Instance1,366,-11,190,0.67,Instance2,366,-10,190,0.33
Object3322,Instance1,469,-27,40,0.71,Instance2,469,-45,40,0.29
Object3323,Instance1,19,-30,140,0.74,Instance2,19,-18,140,0.26
Object3324,Instance1,489,-28,50,0.98,Instance2,489,-12,50,0.02
Object3325,Instance1,491,-33,140,0.69,Instance2,491,-35,140,0.31
Object3326,Instance1,357,-31,180,0.41,Instance2,357,-25,180,0.59
Object3327,Instance1,541,-14,90,0.33,Instance2,541,-42,90,0.67
Object3328,Instance1,947,-41,140,0.22,Instance2,947,-10,140,0.78
Object3329,Instance1,217,-17,10,0.01,Instance2,217,-32,10,0.99
Object3330,Instance1,309,-17,170,0.39,Instance2,309,-32,170,0.61
Object3331,Instance1,474,-27,20,0.71,Instance2,474,-3,20,0.29
Object3332,Instance1,724,-42,200,0.94,Instance2,724,-22,200,0.06
Object3333,Instance1,822,-48,20,0.67,Instance2,822,-10,20,0.33
Object3334,Instance1,279,-6,180,0.27,Instance2,279,-12,180,0.73
Object3335,Instance1,731,-43,150,0.16,Instance2,731,-36,150,0.84
Object3336,Instance1,62,-23,170,0.57,Instance2,62,-20,170,0.43
Object3337,Instance1,789,-38,70,0.99,Instance2,789,-22,70,0.01
Object3338,Instance1,624,-32,40,0.22,Instance2,624,-22,40,0.78
Object3339,Instance1,516,-41,200,0.92,Instance2,516,-12,200,0.08
Object3340,Instance1,171,-16,180,0.31,Instance2,171,-40,180,0.69
Object3341,Instance1,58,-46,110,0.31,Instance2,58,-11,110,0.69
Object3342,Instance1,838,-12,110,0.25,Instance2,838,-24,110,0.75
Object3343,Instance1,581,-35,20,0.18,Instance2,581,-46,20,0.82
Object3344,Instance1,437,-4,150,0.16,Instance2,437,-12,150,0.84
Object3345,Instance1,407,-41,60,0.29,Instance2,407,-4,60,0.71
Object3346,Instance1,903,-2,180,0.28,Instance2,903,-11,180,0.72
Object3347,Instance1,594,-4,120,0.91,Instance2,594,-1,120,0.09
Object3348,Instance1,488,-42,90,0.92,Instance2,488,-49,90,0.08
Object3349,Instance1,168,-2,100,0.24,Instance2,168,-15,100,0.76
Object3350,Instance1,181,-39,80,0.83,Instance2,181,-45,80,0.17
Object3351,Instance1,845,-48,80,0.48,Instance2,845,-14,80,0.52
Object3352,Instance1,484,-44,70,0.11,Instance2,484,-33,70,0.89
Object3353,Instance1,327,-30,190,0.23,Instance2,327,-16,190,0.77
Object3354,Instance1,376,-16,70,0.25,Instance2,376,-17,70,0.75
Object3355,Instance1,113,-45,10,0.67,Instance2,113,-7,10,0.33
Object3356,Instance1,587,-2,20,0.62,Instance2,587,-14,20,0.38
Object3357,Instance1,454,-33,110,0.89,Instance2,454,-28,110,0.11
Object3358,Instance1,240,-32,40,0.83,Instance2,240,-1,40,0.17
Object3359,Instance1,452,-32,30,0.35,Instance2,452,-35,30,0.65
Object3360,Instance1,35,-37,40,0.52,Instance2,35,-20,40,0.48
Object3361,Instance1,39,-33,100,0.15,Instance2,39,-28,100,0.85
Object3362,Instance1,633,-33,110,0.77,Instance2,633,-36,110,0.23
Object3363,Instance1,475,-36,190,0.57,Instance2,475,-7,190,0.43
Object3364,Instance1,8,-4,130,0.66,Instance2,8,-25,130,0.34
Object3365,Instance1,577,-14,110,0.26,Instance2,577,-38,110,0.74
Object3366,Instance1,229,-47,160,0.77,Instance2,229,-4,160,0.23
Object3367,Instance1,667,-37,100,0.36,Instance2,667,-46,100,0.64
Object3368,Instance1,754,-29,180,0.3,Instance2,754,-29,180,0.7
Object3369,Instance1,69,-7,200,0.42,Instance2,69,-30,200,0.58
Object3370,Instance1,383,-2,160,0.8,Instance2,383,-42,160,0.2
Object3371,Instance1,285,-32,110,0.96,Instance2,285,-32,110,0.04
Object3372,Instance1,530,-21,200,0.14,Instance2,530,-15,200,0.86
Object3373,Instance1,346,-6,100,0.29,Instance2,346,-28,100,0.71
Object3374,Instance1,471,-45,200,0.82,Instance2,471,-29,200,0.18
Object3375,Instance1,443,-38,80,0.54,Instance2,443,-21,80,0.46
Object3376,Instance1,999,-48,100,0.32,Instance2,999,-14,100,0.68
Object3377,Instance1,225,-37,10,0.13,Instance2,225,-3,10,0.87
Object3378,Instance1,919,-6,160,0.78,Instance2,919,-2,160,0.22
Object3379,Instance1,594,-49,30,0.35,Instance2,594,-1,30,0.65
Object3380,Instance1,460,-38,40,0.56,Instance2,460,-20,40,0.44
Object3381,Instance1,436,-3,180,0.54,Instance2,436,-34,180,0.46
Object3382,Instance1,656,-45,30,0.2,Instance2,656,-50,30,0.8
Object3383,Instance1,580,-18,10,0.25,Instance2,580,-25,10,0.75
Object3384,Instance1,485,-19,90,0.69,Instance2,485,-4,90,0.31
Object3385,Instance1,15,-27,10,0.14,Instance2,15,-39,10,0.86
Object3386,Instance1,86,-19,100,0.74,Instance2,86,-48,100,0.26
Object3387,Instance1,292,-12,80,0.63,Instance2,292,-32,80,0.37
Object3388,Instance1,682,-49,40,0.24,Instance2,682,-2,40,0.76
Object3389,Instance1,949,-47,190,0.83,Instance2,949,-50,190,0.17
Object3390,Instance1,244,-37,140,0.4,Instance2,244,-44,140,0.6
Object3391,Instance1,225,-50,10,0.85,Instance2,225,-17,10,0.15
Object3392,Instance1,218,-43,120,0.46,Instance2,218,-17,120,0.54
Object3393,Instance1,432,-14,200,0.62,Instance2,432,-34,200,0.38
Object3394,Instance1,951,-45,60,1.0,Instance2,951,-16,60,0.0
Object3395,Instance1,717,-42,120,0.79,Instance2,717,-43,120,0.21
Object3396,Instance1,971,-29,20,0.14,Instance2,971,-20,20,0.86
Object3397,Instance1,967,-13,150,0.79,Instance2,967,-1,150,0.21
Object3398,Instance1,287,-49,70,0.6,Instance2,287,-29,70,0.4
Object3399,Instance1,708,-4,120,0.6,Instance2,708,-30,120,0.4
Object3400,Instance1,25,-28,190,0.82,Instance2,25,-32,190,0.18
Object3401,Instance1,145,-43,150,0.78,Instance2,145,-38,150,0.22
Object3402,Instance1,699,-3,130,0.61,Instance2,699,-16,130,0.39
Object3403,Instance1,655,-11,110,0.59,Instance2,655,-21,110,0.41
Object3404,Instance1,360,-15,140,0.38,Instance2,360,-41,140,0.62
Object3405,Instance1,406,-4,120,0.55,Instance2,406,-38,120,0.45
Object3406,Instance1,459,-5,100,0.3,Instance2,459,-49,100,0.7
Object3407,Instance1,460,-16,90,0.79,Instance2,460,-26,90,0.21
Object3408,Instance1,963,-18,20,0.93,Instance2,963,-35,20,0.07
Object3409,Instance1,245,-33,160,0.92,Instance2,245,-27,160,0.08
Object3410,Instance1,595,-24,160,0.92,Instance2,595,-8,160,0.08
Object3411,Instance1,674,-40,30,0.34,Instance2,674,-22,30,0.66
Object3412,Instance1,445,-4,80,0.66,Instance2,445,-48,80,0.34
Object3413,Instance1,687,-21,70,0.36,Instance2,687,-50,70,0.64
Object3414,Instance1,816,-23,100,0.61,Instance2,816,-20,100,0.39
Object3415,Instance1,495,-23,50,0.94,Instance2,495,-45,50,0.06
Object3416,Instance1,499,-42,50,0.21,Instance2,499,-35,50,0.79
Object3417,Instance1,473,-7,80,0.7,Instance2,473,-50,80,0.3
Object3418,Instance1,376,-30,100,0.94,Instance2,376,-8,100,0.06
Object3419,Instance1,882,-33,140,0.19,Instance2,882,-35,140,0.81
Object3420,Instance1,163,-18,30,0.37,Instance2,163,-12,30,0.63
Object3421,Instance1,138,-24,110,0.98,Instance2,138,-32,110,0.02
Object3422,Instance1,900,-50,10,0.16,Instance2,900,-31,10,0.84
Object3423,Instance1,77,-13,50,0.16,Instance2,77,-49,50,0.84
Object3424,Instance1,240,-45,160,0.56,Instance2,240,-16,160,0.44
Object3425,Instance1,654,-35,100,0.81,Instance2,654,-35,100,0.19
Object3426,Instance1,394,-50,130,0.38,Instance2,394,-4,130,0.62
Object3427,Instance1,877,-15,60,0.65,Instance2,877,-46,60,0.35
Object3428,Instance1,141,-33,160,0.93,Instance2,141,-22,160,0.07
Object3429,Instance1,847,-7,120,0.87,Instance2,847,-36,120,0.13
Object3430,Instance1,928,-30,120,0.68,Instance2,928,-36,120,0.32
Object3431,Instance1,180,-44,30,0.0,Instance2,180,-11,30,1.0
Object3432,Instance1,811,-23,10,0.09,Instance2,811,-3,10,0.91
Object3433,Instance1,690,-12,110,0.72,Instance2,690,-22,110,0.28
Object3434,Instance1,705,-46,40,0.39,Instance2,705,-4,40,0.61
Object3435,Instance1,260,-24,10,0.04,Instance2,260,-22,10,0.96
Object3436,Instance1,496,-15,10,0.25,Instance2,496,-11,10,0.75
Object3437,Instance1,315,-45,200,0.08,Instance2,315,-39,200,0.92
Object3438,Instance1,899,-31,140,0.99,Instance2,899,-45,140,0.01
Object3439,Instance1,358,-30,80,0.34,Instance2,358,-1,80,0.66
Object3440,Instance1,970,-12,70,0.28,Instance2,970,-15,70,0.72
Object3441,Instance1,915,-21,30,0.52,Instance2,915,-3,30,0.48
Object3442,Instance1,645,-44,20,0.24,Instance2,645,-26,20,0.76
Object3443,Instance1,488,-25,80,0.25,Instance2,488,-34,80,0.75
Object3444,Instance1,317,-21,40,0.22,Instance2,317,-1,40,0.78
Object3445,Instance1,311,-20,190,0.93,Instance2,311,-38,190,0.07
Object3446,Instance1,360,-40,100,0.1,Instance2,360,-32,100,0.9
Object3447,Instance1,192,-19,40,0.34,Instance2,192,-31,40,0.66
Object3448,Instance1,403,-24,80,0.82,Instance2,403,-7,80,0.18
Object3449,Instance1,887,-33,120,0.87,Instance2,887,-8,120,0.13
Object3450,Instance1,425,-28,100,0.98,Instance2,425,-45,100,0.02
Object3451,Instance1,128,-46,180,0.65,Instance2,128,-33,180,0.35
Object3452,Instance1,85,-9,10,0.64,Instance2,85,-14,10,0.36
Object3453,Instance1,567,-23,10,0.56,Instance2,567,-34,10,0.44
Object3454,Instance1,820,-43,40,0.95,Instance2,820,-12,40,0.05
Object3455,Instance1,755,-21,160,0.79,Instance2,755,-44,160,0.21
Object3456,Instance1,470,-29,140,0.38,Instance2,470,-14,140,0.62
Object3457,Instance1,845,-31,130,0.38,Instance2,845,-18,130,0.62
Object3458,Instance1,622,-39,200,0.61,Instance2,622,-24,200,0.39
Object3459,Instance1,954,-18,190,0.3,Instance2,954,-34,190,0.7
Object3460,Instance1,701,-41,170,0.52,Instance2,701,-31,170,0.48
Object3461,Instance1,376,-26,200,0.18,Instance2,376,-7,200,0.82
Object3462,Instance1,337,-20,60,0.49,Instance2,337,-22,60,0.51
Object3463,Instance1,483,-24,70,0.07,Instance2,483,-4,70,0.93
Object3464,Instance1,108,-22,40,0.28,Instance2,108,-43,40,0.72
Object3465,Instance1,791,-24,100,0.75,Instance2,791,-13,100,0.25
Object3466,Instance1,825,-19,170,0.96,Instance2,825,-50,170,0.04
Object3467,Instance1,186,-14,90,0.77,Instance2,186,-33,90,0.23
Object3468,Instance1,182,-38,170,0.15,Instance2,182,-39,170,0.85
Object3469,Instance1,276,-14,30,0.96,Instance2,276,-3,30,0.04
Object3470,Instance1,947,-47,50,0.13,Instance2,947,-9,50,0.87
Object3471,Instance1,574,-45,70,0.95,Instance2,574,-31,70,0.05
Object3472,Instance1,758,-36,200,0.41,Instance2,758,-44,200,0.59
Object3473,Instance1,864,-13,170,0.46,Instance2,864,-48,170,0.54
Object3474,Instance1,135,-29,100,0.56,Instance2,135,-10,100,0.44
Object3475,Instance1,788,-14,160,0.87,Instance2,788,-36,160,0.13
Object3476,Instance1,834,-14,160,0.49,Instance2,834,-40,160,0.51
Object3477,Instance1,851,-29,30,0.26,Instance2,851,-24,30,0.74
Object3478,Instance1,477,-1,110,0.85,Instance2,477,-22,110,0.15
Object3479,Instance1,428,-23,70,0.23,Instance2,428,-21,70,0.77
Object3480,Instance1,372,-27,120,0.91,Instance2,372,-3,120,0.09
Object3481,Instance1,270,-6,90,0.03,Instance2,270,-32,90,0.97
Object3482,Instance1,970,-43,70,0.79,Instance2,970,-6,70,0.21
Object3483,Instance1,708,-14,150,0.92,Instance2,708,-37,150,0.08
Object3484,Instance1,575,-39,170,0.45,Instance2,575,-38,170,0.55
Object3485,Instance1,610,-38,180,0.28,Instance2,610,-47,180,0.72
Object3486,Instance1,37,-1,30,0.67,Instance2,37,-23,30,0.33
Object3487,Instance1,498,-12,190,0.45,Instance2,498,-46,190,0.55
Object3488,Instance1,309,-34,20,0.44,Instance2,309,-14,20,0.56
Object3489,Instance1,804,-50,180,0.54,Instance2,804,-6,180,0.46
Object3490,Instance1,888,-21,170,0.07,Instance2,888,-3,170,0.93
Object3491,Instance1,260,-4,130,0.83,Instance2,260,-32,130,0.17
Object3492,Instance1,201,-45,200,0.24,Instance2,201,-37,200,0.76
Object3493,Instance1,537,-15,110,0.71,Instance2,537,-5,110,0.29
Object3494,Instance1,814,-18,140,0.2,Instance2,814,-21,140,0.8
Object3495,Instance1,741,-9,170,0.94,Instance2,741,-44,170,0.06
Object3496,Instance1,716,-42,10,0.72,Instance2,716,-30,10,0.28
Object3497,Instance1,957,-25,60,0.22,Instance2,957,-14,60,0.78
Object3498,Instance1,914,-17,110,1.0,Instance2,914,-27,110,0.0
Object3499,Instance1,138,-30,120,0.6,Instance2,138,-49,120,0.4
Object3500,Instance1,378,-19,60,0.48,Instance2,378,-17,60,0.52
Object3501,Instance1,207,-48,50,0.85,Instance2,207,-35,50,0.15
Object3502,Instance1,310,-35,10,0.41,Instance2,310,-18,10,0.59
Object3503,Instance1,604,-4,200,0.19,Instance2,604,-44,200,0.81
Object3504,Instance1,32,-14,100,0.62,Instance2,32,-9,100,0.38
Object3505,Instance1,437,-4,70,0.3,Instance2,437,-19,70,0.7
Object3506,Instance1,407,-18,30,0.54,Instance2,407,-30,30,0.46
Object3507,Instance1,532,-7,110,0.35,Instance2,532,-27,110,0.65
Object3508,Instance1,651,-6,180,0.04,Instance2,651,-19,180,0.96
Object3509,Instance1,938,-22,60,0.64,Instance2,938,-29,60,0.36
Object3510,Instance1,470,-42,120,0.03,Instance2,470,-12,120,0.97
Object3511,Instance1,956,-39,180,0.04,Instance2,956,-8,180,0.96
Object3512,Instance1,646,-15,40,0.28,Instance2,646,-10,40,0.72
Object3513,Instance1,953,-5,190,0.77,Instance2,953,-3,190,0.23
Object3514,Instance1,247,-26,180,0.83,Instance2,247,-20,180,0.17
Object3515,Instance1,854,-30,180,0.43,Instance2,854,-44,180,0.57
Object3516,Instance1,968,-34,140,0.32,Instance2,968,-21,140,0.68
Object3517,Instance1,107,-25,70,0.06,Instance2,107,-43,70,0.94
Object3518,Instance1,533,-9,70,0.99,Instance2,533,-37,70,0.01
Object3519,Instance1,974,-13,90,0.08,Instance2,974,-17,90,0.92
Object3520,Instance1,32,-46,90,0.66,Instance2,32,-21,90,0.34
Object3521,Instance1,907,-33,190,0.81,Instance2,907,-41,190,0.19
Object3522,Instance1,893,-11,180,0.35,Instance2,893,-48,180,0.65
Object3523,Instance1,848,-6,160,0.01,Instance2,848,-41,160,0.99
Object3524,Instance1,693,-30,40,0.51,Instance2,693,-17,40,0.49
Object3525,Instance1,743,-20,80,0.1,Instance2,743,-44,80,0.9
Object3526,Instance1,167,-38,100,0.94,Instance2,167,-45,100,0.06
Object3527,Instance1,584,-15,150,0.74,Instance2,584,-20,150,0.26
Object3528,Instance1,518,-3,90,0.3,Instance2,518,-40,90,0.7
Object3529,Instance1,219,-26,150,0.29,Instance2,219,-50,150,0.71
Object3530,Instance1,562,-44,40,0.38,Instance2,562,-33,40,0.62
Object3531,Instance1,292,-4,80,0.54,Instance2,292,-37,80,0.46
Object3532,Instance1,638,-48,120,0.36,Instance2,638,-1,120,0.64
Object3533,Instance1,652,-43,100,0.5,Instance2,652,-33,100,0.5
Object3534,Instance1,141,-3,160,0.7,Instance2,141,-14,160,0.3
Object3535,Instance1,967,-44,110,0.88,Instance2,967,-26,110,0.12
Object3536,Instance1,182,-50,20,0.76,Instance2,182,-6,20,0.24
Object3537,Instance1,588,-3,120,0.91,Instance2,588,-2,120,0.09
Object3538,Instance1,961,-9,100,0.35,Instance2,961,-13,100,0.65
Object3539,Instance1,962,-12,170,0.66,Instance2,962,-18,170,0.34
Object3540,Instance1,210,-30,200,0.57,Instance2,210,-29,200,0.43
Object3541,Instance1,577,-16,20,0.16,Instance2,577,-48,20,0.84
Object3542,Instance1,49,-32,80,1.0,Instance2,49,-4,80,0.0
Object3543,Instance1,769,-33,40,0.72,Instance2,769,-23,40,0.28
Object3544,Instance1,951,-27,150,0.29,Instance2,951,-27,150,0.71
Object3545,Instance1,394,-31,130,0.04,Instance2,394,-9,130,0.96
Object3546,Instance1,44,-26,10,0.31,Instance2,44,-28,10,0.69
Object3547,Instance1,477,-25,110,0.8,Instance2,477,-5,110,0.2
Object3548,Instance1,847,-46,90,0.3,Instance2,847,-7,90,0.7
Object3549,Instance1,365,-33,90,0.87,Instance2,365,-8,90,0.13
Object3550,Instance1,971,-32,150,0.66,Instance2,971,-49,150,0.34
Object3551,Instance1,737,-50,10,0.92,Instance2,737,-2,10,0.08
Object3552,Instance1,199,-49,200,0.85,Instance2,199,-48,200,0.15
Object3553,Instance1,927,-10,10,0.44,Instance2,927,-30,10,0.56
Object3554,Instance1,706,-12,200,0.67,Instance2,706,-8,200,0.33
Object3555,Instance1,638,-9,10,0.87,Instance2,638,-20,10,0.13
Object3556,Instance1,84,-45,100,0.41,Instance2,84,-11,100,0.59
Object3557,Instance1,439,-23,90,0.95,Instance2,439,-44,90,0.05
Object3558,Instance1,787,-25,180,0.86,Instance2,787,-47,180,0.14
Object3559,Instance1,175,-3,90,0.39,Instance2,175,-45,90,0.61
Object3560,Instance1,769,-50,50,0.97,Instance2,769,-46,50,0.03
Object3561,Instance1,771,-17,190,0.95,Instance2,771,-37,190,0.05
Object3562,Instance1,204,-35,180,0.08,Instance2,204,-48,180,0.92
Object3563,Instance1,516,-45,100,0.64,Instance2,516,-6,100,0.36
Object3564,Instance1,605,-12,170,0.34,Instance2,605,-22,170,0.66
Object3565,Instance1,516,-44,180,0.77,Instance2,516,-41,180,0.23
Object3566,Instance1,498,-46,160,0.77,Instance2,498,-7,160,0.23
Object3567,Instance1,488,-30,80,0.11,Instance2,488,-45,80,0.89
Object3568,Instance1,216,-47,190,0.23,Instance2,216,-42,190,0.77
Object3569,Instance1,187,-14,150,0.15,Instance2,187,-20,150,0.85
Object3570,Instance1,263,-24,120,0.37,Instance2,263,-22,120,0.63
Object3571,Instance1,676,-21,50,0.09,Instance2,676,-44,50,0.91
Object3572,Instance1,570,-4,20,0.41,Instance2,570,-39,20,0.59
Object3573,Instance1,259,-6,10,0.37,Instance2,259,-4,10,0.63
Object3574,Instance1,257,-17,90,0.28,Instance2,257,-10,90,0.72
Object3575,Instance1,882,-10,70,0.99,Instance2,882,-27,70,0.01
Object3576,Instance1,247,-32,70,0.42,Instance2,247,-30,70,0.58
Object3577,Instance1,789,-27,190,0.55,Instance2,789,-22,190,0.45
Object3578,Instance1,344,-26,130,0.4,Instance2,344,-5,130,0.6
Object3579,Instance1,96,-16,80,0.31,Instance2,96,-8,80,0.69
Object3580,Instance1,285,-4,90,0.36,Instance2,285,-31,90,0.64
Object3581,Instance1,330,-43,30,0.06,Instance2,330,-16,30,0.94
Object3582,Instance1,719,-43,20,0.1,Instance2,719,-32,20,0.9
Object3583,Instance1,842,-49,190,0.27,Instance2,842,-31,190,0.73
Object3584,Instance1,995,-20,170,0.3,Instance2,995,-17,170,0.7
Object3585,Instance1,134,-26,110,0.81,Instance2,134,-25,110,0.19
Object3586,Instance1,992,-40,170,0.6,Instance2,992,-2,170,0.4
Object3587,Instance1,376,-4,180,0.6,Instance2,376,-35,180,0.4
Object3588,Instance1,56,-14,190,0.78,Instance2,56,-37,190,0.22
Object3589,Instance1,132,-11,190,0.96,Instance2,132,-23,190,0.04
Object3590,Instance1,286,-27,60,0.68,Instance2,286,-5,60,0.32
Object3591,Instance1,490,-29,70,0.35,Instance2,490,-37,70,0.65
Object3592,Instance1,668,-19,20,0.42,Instance2,668,-8,20,0.58
Object3593,Instance1,377,-37,70,0.61,Instance2,377,-42,70,0.39
Object3594,Instance1,656,-25,170,0.27,Instance2,656,-12,170,0.73
Object3595,Instance1,139,-34,90,0.78,Instance2,139,-46,90,0.22
Object3596,Instance1,354,-37,10,0.39,Instance2,354,-20,10,0.61
Object3597,Instance1,80,-40,190,0.1,Instance2,80,-20,190,0.9
Object3598,Instance1,363,-50,30,0.32,Instance2,363,-23,30,0.68
Object3599,Instance1,675,-32,200,0.46,Instance2,675,-23,200,0.54
Object3600,Instance1,822,-36,180,0.32,Instance2,822,-43,180,0.68
Object3601,Instance1,925,-43,100,0.61,Instance2,925,-25,100,0.39
Object3602,Instance1,753,-5,20,0.1,Instance2,753,-32,20,0.9
Object3603,Instance1,575,-44,190,0.09,Instance2,575,-25,190,0.91
Object3604,Instance1,75,-8,90,0.23,Instance2,75,-8,90,0.77
Object3605,Instance1,542,-44,100,0.08,Instance2,542,-40,100,0.92
Object3606,Instance1,955,-3,60,0.14,Instance2,955,-9,60,0.86
Object3607,Instance1,677,-20,160,0.54,Instance2,677,-15,160,0.46
Object3608,Instance1,971,-20,100,0.83,Instance2,971,-4,100,0.17
Object3609,Instance1,858,-9,170,0.91,Instance2,858,-9,170,0.09
Object3610,Instance1,806,-44,20,0.39,Instance2,806,-31,20,0.61
Object3611,Instance1,743,-10,70,0.32,Instance2,743,-18,70,0.68
Object3612,Instance1,783,-44,30,0.74,Instance2,783,-44,30,0.26
Object3613,Instance1,411,-44,10,0.52,Instance2,411,-10,10,0.48
Object3614,Instance1,591,-6,60,0.86,Instance2,591,-38,60,0.14
Object3615,Instance1,181,-15,20,0.4,Instance2,181,-20,20,0.6
Object3616,Instance1,603,-12,110,0.51,Instance2,603,-26,110,0.49
Object3617,Instance1,658,-50,190,0.81,Instance2,658,-5,190,0.19
Object3618,Instance1,625,-38,90,0.42,Instance2,625,-5,90,0.58
Object3619,Instance1,196,-37,130,0.89,Instance2,196,-36,130,0.11
Object3620,Instance1,759,-28,20,0.09,Instance2,759,-3,20,0.91
Object3621,Instance1,694,-47,180,0.27,Instance2,694,-22,180,0.73
Object3622,Instance1,830,-32,90,0.34,Instance2,830,-24,90,0.66
Object3623,Instance1,674,-9,20,0.59,Instance2,674,-14,20,0.41
Object3624,Instance1,212,-10,30,0.56,Instance2,212,-38,30,0.44
Object3625,Instance1,749,-4,130,0.05,Instance2,749,-43,130,0.95
Object3626,Instance1,953,-10,160,0.9,Instance2,953,-9,160,0.1
Object3627,Instance1,987,-28,60,0.37,Instance2,987,-3,60,0.63
Object3628,Instance1,88,-48,50,0.27,Instance2,88,-11,50,0.73
Object3629,Instance1,205,-27,40,0.04,Instance2,205,-26,40,0.96
Object3630,Instance1,967,-2,40,0.47,Instance2,967,-23,40,0.53
Object3631,Instance1,181,-12,170,0.09,Instance2,181,-35,170,0.91
Object3632,Instance1,640,-1,100,0.61,Instance2,640,-37,100,0.39
Object3633,Instance1,635,-26,80,0.67,Instance2,635,-12,80,0.33
Object3634,Instance1,693,-21,110,0.53,Instance2,693,-11,110,0.47
Object3635,Instance1,186,-21,180,0.13,Instance2,186,-4,180,0.87
Object3636,Instance1,144,-2,100,0.41,Instance2,144,-8,100,0.59
Object3637,Instance1,452,-20,170,0.47,Instance2,452,-48,170,0.53
Object3638,Instance1,768,-33,120,0.46,Instance2,768,-8,120,0.54
Object3639,Instance1,4,-47,60,0.13,Instance2,4,-31,60,0.87
Object3640,Instance1,246,-5,160,0.62,Instance2,246,-33,160,0.38
Object3641,Instance1,595,-16,130,0.83,Instance2,595,-31,130,0.17
Object3642,Instance1,792,-41,40,0.8,Instance2,792,-45,40,0.2
Object3643,Instance1,686,-39,80,0.34,Instance2,686,-11,80,0.66
Object3644,Instance1,459,-36,80,0.19,Instance2,459,-43,80,0.81
Object3645,Instance1,8,-26,60,0.6,Instance2,8,-23,60,0.4
Object3646,Instance1,235,-33,60,0.32,Instance2,235,-35,60,0.68
Object3647,Instance1,373,-17,180,0.68,Instance2,373,-18,180,0.32
Object3648,Instance1,255,-31,110,0.28,Instance2,255,-41,110,0.72
Object3649,Instance1,564,-8,90,0.77,Instance2,564,-50,90,0.23
Object3650,Instance1,967,-15,140,0.14,Instance2,967,-12,140,0.86
Object3651,Instance1,661,-10,160,0.07,Instance2,661,-43,160,0.93
Object3652,Instance1,384,-27,110,0.45,Instance2,384,-24,110,0.55
Object3653,Instance1,106,-3,120,0.24,Instance2,106,-13,120,0.76
Object3654,Instance1,185,-14,180,0.54,Instance2,185,-9,180,0.46
Object3655,Instance1,736,-50,50,0.31,Instance2,736,-10,50,0.69
Object3656,Instance1,155,-19,30,0.28,Instance2,155,-50,30,0.72
Object3657,Instance1,836,-15,40,0.84,Instance2,836,-47,40,0.16
Object3658,Instance1,217,-24,80,0.5,Instance2,217,-42,80,0.5
Object3659,Instance1,992,-28,20,0.22,Instance2,992,-35,20,0.78
Object3660,Instance1,671,-49,20,0.8,Instance2,671,-35,20,0.2
Object3661,Instance1,277,-32,120,0.94,Instance2,277,-44,120,0.06
Object3662,Instance1,295,-12,90,0.97,Instance2,295,-36,90,0.03
Object3663,Instance1,695,-31,120,0.05,Instance2,695,-26,120,0.95
Object3664,Instance1,351,-7,140,0.56,Instance2,351,-9,140,0.44
Object3665,Instance1,614,-18,90,0.25,Instance2,614,-27,90,0.75
Object3666,Instance1,660,-45,40,0.62,Instance2,660,-7,40,0.38
Object3667,Instance1,202,-50,160,0.73,Instance2,202,-23,160,0.27
Object3668,Instance1,879,-13,30,0.39,Instance2,879,-44,30,0.61
Object3669,Instance1,555,-26,160,0.38,Instance2,555,-45,160,0.62
Object3670,Instance1,150,-28,60,0.36,Instance2,150,-24,60,0.64
Object3671,Instance1,266,-18,200,0.56,Instance2,266,-43,200,0.44
Object3672,Instance1,581,-36,160,0.79,Instance2,581,-13,160,0.21
Object3673,Instance1,558,-8,110,0.3,Instance2,558,-31,110,0.7
Object3674,Instance1,912,-16,60,0.58,Instance2,912,-24,60,0.42
Object3675,Instance1,470,-35,70,0.34,Instance2,470,-37,70,0.66
Object3676,Instance1,216,-25,90,0.59,Instance2,216,-5,90,0.41
Object3677,Instance1,438,-45,160,0.44,Instance2,438,-3,160,0.56
Object3678,Instance1,936,-10,70,0.36,Instance2,936,-4,70,0.64
Object3679,Instance1,32,-16,100,0.51,Instance2,32,-38,100,0.49
Object3680,Instance1,850,-45,60,0.43,Instance2,850,-35,60,0.57
Object3681,Instance1,561,-18,100,0.98,Instance2,561,-37,100,0.02
Object3682,Instance1,324,-26,150,0.57,Instance2,324,-1,150,0.43
Object3683,Instance1,410,-10,130,0.85,Instance2,410,-35,130,0.15
Object3684,Instance1,722,-44,100,0.63,Instance2,722,-21,100,0.37
Object3685,Instance1,160,-46,50,0.07,Instance2,160,-7,50,0.93
Object3686,Instance1,674,-45,170,0.9,Instance2,674,-36,170,0.1
Object3687,Instance1,686,-1,140,0.68,Instance2,686,-21,140,0.32
Object3688,Instance1,150,-33,180,1.0,Instance2,150,-23,180,0.0
Object3689,Instance1,712,-31,50,0.26,Instance2,712,-25,50,0.74
Object3690,Instance1,629,-44,130,0.83,Instance2,629,-49,130,0.17
Object3691,Instance1,798,-40,150,0.43,Instance2,798,-8,150,0.57
Object3692,Instance1,99,-31,50,0.04,Instance2,99,-42,50,0.96
Object3693,Instance1,977,-41,30,0.9,Instance2,977,-33,30,0.1
Object3694,Instance1,399,-7,40,0.86,Instance2,399,-5,40,0.14
Object3695,Instance1,467,-42,10,0.0,Instance2,467,-11,10,1.0
Object3696,Instance1,748,-3,150,0.87,Instance2,748,-26,150,0.13
Object3697,Instance1,145,-17,70,0.78,Instance2,145,-16,70,0.22
Object3698,Instance1,440,-2,40,0.16,Instance2,440,-4,40,0.84
Object3699,Instance1,655,-7,100,0.1,Instance2,655,-37,100,0.9
Object3700,Instance1,587,-19,150,0.21,Instance2,587,-30,150,0.79
Object3701,Instance1,371,-17,60,0.49,Instance2,371,-47,60,0.51
Object3702,Instance1,381,-20,70,0.29,Instance2,381,-39,70,0.71
Object3703,Instance1,101,-6,10,0.07,Instance2,101,-31,10,0.93
Object3704,Instance1,968,-37,70,1.0,Instance2,968,-19,70,0.0
Object3705,Instance1,629,-40,100,0.93,Instance2,629,-8,100,0.07
Object3706,Instance1,348,-21,90,0.11,Instance2,348,-33,90,0.89
Object3707,Instance1,877,-1,90,0.59,Instance2,877,-34,90,0.41
Object3708,Instance1,439,-9,30,0.53,Instance2,439,-22,30,0.47
Object3709,Instance1,301,-44,40,0.87,Instance2,301,-37,40,0.13
Object3710,Instance1,201,-15,110,0.8,Instance2,201,-47,110,0.2
Object3711,Instance1,990,-39,110,0.98,Instance2,990,-17,110,0.02
Object3712,Instance1,164,-41,50,0.91,Instance2,164,-14,50,0.09
Object3713,Instance1,879,-11,170,0.54,Instance2,879,-46,170,0.46
Object3714,Instance1,707,-36,30,0.83,Instance2,707,-26,30,0.17
Object3715,Instance1,623,-18,170,0.43,Instance2,623,-1,170,0.57
Object3716,Instance1,240,-49,150,0.29,Instance2,240,-43,150,0.71
Object3717,Instance1,785,-37,60,0.1,Instance2,785,-45,60,0.9
Object3718,Instance1,411,-39,100,0.88,Instance2,411,-27,100,0.12
Object3719,Instance1,993,-25,60,0.42,Instance2,993,-4,60,0.58
Object3720,Instance1,654,-16,190,0.85,Instance2,654,-48,190,0.15
Object3721,Instance1,839,-27,10,0.57,Instance2,839,-32,10,0.43
Object3722,Instance1,986,-45,140,0.65,Instance2,986,-18,140,0.35
Object3723,Instance1,687,-14,60,0.35,Instance2,687,-40,60,0.65
Object3724,Instance1,530,-30,190,0.49,Instance2,530,-46,190,0.51
Object3725,Instance1,259,-4,170,0.43,Instance2,259,-19,170,0.57
Object3726,Instance1,922,-9,190,0.12,Instance2,922,-39,190,0.88
Object3727,Instance1,176,-47,200,0.97,Instance2,176,-6,200,0.03
Object3728,Instance1,632,-32,110,0.04,Instance2,632,-28,110,0.96
Object3729,Instance1,63,-4,190,0.08,Instance2,63,-24,190,0.92
Object3730,Instance1,529,-42,110,1.0,Instance2,529,-20,110,0.0
Object3731,Instance1,330,-23,140,0.65,Instance2,330,-1,140,0.35
Object3732,Instance1,120,-16,160,0.92,Instance2,120,-5,160,0.08
Object3733,Instance1,460,-16,190,0.86,Instance2,460,-12,190,0.14
Object3734,Instance1,818,-10,10,0.63,Instance2,818,-25,10,0.37
Object3735,Instance1,615,-23,80,0.54,Instance2,615,-39,80,0.46
Object3736,Instance1,322,-40,150,0.98,Instance2,322,-25,150,0.02
Object3737,Instance1,470,-24,140,0.7,Instance2,470,-8,140,0.3
Object3738,Instance1,728,-5,70,0.13,Instance2,728,-11,70,0.87
Object3739,Instance1,151,-39,70,0.37,Instance2,151,-12,70,0.63
Object3740,Instance1,564,-35,80,0.91,Instance2,564,-39,80,0.09
Object3741,Instance1,434,-18,160,0.86,Instance2,434,-50,160,0.14
Object3742,Instance1,32,-42,90,0.22,Instance2,32,-37,90,0.78
Object3743,Instance1,563,-33,40,0.3,Instance2,563,-14,40,0.7
Object3744,Instance1,1,-24,10,0.42,Instance2,1,-19,10,0.58
Object3745,Instance1,466,-3,140,0.37,Instance2,466,-30,140,0.63
Object3746,Instance1,912,-38,20,0.82,Instance2,912,-19,20,0.18
Object3747,Instance1,535,-4,30,0.5,Instance2,535,-21,30,0.5
Object3748,Instance1,389,-44,120,0.88,Instance2,389,-48,120,0.12
Object3749,Instance1,225,-7,180,0.11,Instance2,225,-42,180,0.89
Object3750,Instance1,951,-41,130,0.89,Instance2,951,-34,130,0.11
Object3751,Instance1,938,-45,100,0.52,Instance2,938,-48,100,0.48
Object3752,Instance1,567,-23,160,0.36,Instance2,567,-5,160,0.64
Object3753,Instance1,104,-49,100,0.43,Instance2,104,-9,100,0.57
Object3754,Instance1,403,-10,10,0.78,Instance2,403,-18,10,0.22
Object3755,Instance1,872,-19,80,0.69,Instance2,872,-48,80,0.31
Object3756,Instance1,927,-40,70,0.77,Instance2,927,-3,70,0.23
Object3757,Instance1,313,-33,40,0.16,Instance2,313,-19,40,0.84
Object3758,Instance1,459,-37,150,0.63,Instance2,459,-3,150,0.37
Object3759,Instance1,659,-7,40,0.42,Instance2,659,-48,40,0.58
Object3760,Instance1,178,-34,120,0.96,Instance2,178,-26,120,0.04
Object3761,Instance1,978,-3,180,0.94,Instance2,978,-40,180,0.06
Object3762,Instance1,393,-18,140,0.77,Instance2,393,-15,140,0.23
Object3763,Instance1,869,-17,140,0.01,Instance2,869,-36,140,0.99
Object3764,Instance1,297,-14,170,0.39,Instance2,297,-42,170,0.61
Object3765,Instance1,881,-1,80,0.03,Instance2,881,-12,80,0.97
Object3766,Instance1,866,-33,100,0.23,Instance2,866,-35,100,0.77
Object3767,Instance1,809,-47,130,0.35,Instance2,809,-3,130,0.65
Object3768,Instance1,650,-1,40,0.36,Instance2,650,-16,40,0.64
Object3769,Instance1,255,-1,100,0.88,Instance2,255,-17,100,0.12
Object3770,Instance1,912,-46,100,0.85,Instance2,912,-40,100,0.15
Object3771,Instance1,594,-27,150,0.16,Instance2,594,-45,150,0.84
Object3772,Instance1,69,-18,150,0.82,Instance2,69,-39,150,0.18
Object3773,Instance1,278,-19,60,0.42,Instance2,278,-30,60,0.58
Object3774,Instance1,931,-27,200,0.34,Instance2,931,-39,200,0.66
Object3775,Instance1,751,-20,120,0.22,Instance2,751,-38,120,0.78
Object3776,Instance1,646,-34,30,0.96,Instance2,646,-41,30,0.04
Object3777,Instance1,201,-24,120,0.72,Instance2,201,-16,120,0.28
Object3778,Instance1,248,-5,170,0.32,Instance2,248,-17,170,0.68
Object3779,Instance1,726,-8,120,0.49,Instance2,726,-47,120,0.51
Object3780,Instance1,777,-26,180,0.4,Instance2,777,-22,180,0.6
Object3781,Instance1,183,-15,50,0.82,Instance2,183,-49,50,0.18
Object3782,Instance1,588,-31,150,0.99,Instance2,588,-24,150,0.01
Object3783,Instance1,599,-23,80,0.69,Instance2,599,-14,80,0.31
Object3784,Instance1,241,-35,100,0.3,Instance2,241,-35,100,0.7
Object3785,Instance1,78,-20,40,0.03,Instance2,78,-32,40,0.97
Object3786,Instance1,786,-31,20,0.51,Instance2,786,-42,20,0.49
Object3787,Instance1,891,-27,150,0.25,Instance2,891,-34,150,0.75
Object3788,Instance1,476,-14,10,0.41,Instance2,476,-38,10,0.59
Object3789,Instance1,400,-15,190,0.06,Instance2,400,-30,190,0.94
Object3790,Instance1,268,-41,200,0.12,Instance2,268,-42,200,0.88
Object3791,Instance1,221,-19,40,0.94,Instance2,221,-48,40,0.06
Object3792,Instance1,79,-35,30,0.55,Instance2,79,-28,30,0.45
Object3793,Instance1,591,-1,200,0.2,Instance2,591,-4,200,0.8
Object3794,Instance1,605,-16,190,0.13,Instance2,605,-38,190,0.87
Object3795,Instance1,224,-13,110,0.53,Instance2,224,-8,110,0.47
Object3796,Instance1,416,-30,150,0.11,Instance2,416,-31,150,0.89
Object3797,Instance1,65,-22,110,0.15,Instance2,65,-46,110,0.85
Object3798,Instance1,826,-47,40,0.29,Instance2,826,-9,40,0.71
Object3799,Instance1,97,-8,190,0.81,Instance2,97,-45,190,0.19
Object3800,Instance1,129,-22,60,0.73,Instance2,129,-8,60,0.27
Object3801,Instance1,470,-29,60,0.07,Instance2,470,-1,60,0.93
Object3802,Instance1,14,-49,110,0.43,Instance2,14,-18,110,0.57
Object3803,Instance1,961,-23,130,0.85,Instance2,961,-6,130,0.15
Object3804,Instance1,829,-22,40,0.08,Instance2,829,-44,40,0.92
Object3805,Instance1,438,-36,190,0.28,Instance2,438,-11,190,0.72
Object3806,Instance1,834,-16,200,0.7,Instance2,834,-25,200,0.3
Object3807,Instance1,448,-3,50,0.99,Instance2,448,-34,50,0.01
Object3808,Instance1,316,-28,90,0.15,Instance2,316,-5,90,0.85
Object3809,Instance1,418,-35,20,0.85,Instance2,418,-36,20,0.15
Object3810,Instance1,493,-44,90,0.92,Instance2,493,-2,90,0.08
Object3811,Instance1,750,-19,140,0.85,Instance2,750,-36,140,0.15
Object3812,Instance1,417,-24,140,0.36,Instance2,417,-17,140,0.64
Object3813,Instance1,659,-39,70,0.34,Instance2,659,-41,70,0.66
Object3814,Instance1,464,-17,70,0.01,Instance2,464,-26,70,0.99
Object3815,Instance1,442,-30,200,0.62,Instance2,442,-9,200,0.38
Object3816,Instance1,738,-10,20,0.12,Instance2,738,-10,20,0.88
Object3817,Instance1,308,-48,60,0.09,Instance2,308,-23,60,0.91
Object3818,Instance1,317,-10,50,0.63,Instance2,317,-47,50,0.37
Object3819,Instance1,899,-16,80,0.01,Instance2,899,-25,80,0.99
Object3820,Instance1,858,-19,50,0.91,Instance2,858,-48,50,0.09
Object3821,Instance1,117,-1,70,0.05,Instance2,117,-13,70,0.95
Object3822,Instance1,509,-23,60,0.95,Instance2,509,-12,60,0.05
Object3823,Instance1,725,-21,30,0.97,Instance2,725,-31,30,0.03
Object3824,Instance1,297,-48,160,0.94,Instance2,297,-16,160,0.06
Object3825,Instance1,394,-34,90,0.92,Instance2,394,-28,90,0.08
Object3826,Instance1,524,-3,200,0.24,Instance2,524,-13,200,0.76
Object3827,Instance1,287,-45,10,0.08,Instance2,287,-43,10,0.92
Object3828,Instance1,500,-10,40,0.96,Instance2,500,-15,40,0.04
Object3829,Instance1,850,-35,180,0.84,Instance2,850,-30,180,0.16
Object3830,Instance1,830,-24,200,0.53,Instance2,830,-42,200,0.47
Object3831,Instance1,973,-33,180,0.38,Instance2,973,-16,180,0.62
Object3832,Instance1,784,-31,170,0.32,Instance2,784,-27,170,0.68
Object3833,Instance1,502,-43,170,0.81,Instance2,502,-39,170,0.19
Object3834,Instance1,368,-21,110,0.17,Instance2,368,-39,110,0.83
Object3835,Instance1,505,-20,130,0.62,Instance2,505,-2,130,0.38
Object3836,Instance1,221,-32,170,0.16,Instance2,221,-32,170,0.84
Object3837,Instance1,838,-32,140,0.42,Instance2,838,-12,140,0.58
Object3838,Instance1,95,-35,110,0.94,Instance2,95,-32,110,0.06
Object3839,Instance1,610,-35,30,0.43,Instance2,610,-46,30,0.57
Object3840,Instance1,41,-49,100,0.87,Instance2,41,-22,100,0.13
Object3841,Instance1,780,-23,80,0.02,Instance2,780,-35,80,0.98
Object3842,Instance1,406,-9,170,0.42,Instance2,406,-46,170,0.58
Object3843,Instance1,443,-31,120,0.07,Instance2,443,-26,120,0.93
Object3844,Instance1,798,-27,200,0.74,Instance2,798,-28,200,0.26
Object3845,Instance1,587,-4,10,0.83,Instance2,587,-7,10,0.17
Object3846,Instance1,168,-35,110,0.98,Instance2,168,-37,110,0.02
Object3847,Instance1,933,-16,130,0.53,Instance2,933,-45,130,0.47
Object3848,Instance1,234,-19,90,0.93,Instance2,234,-15,90,0.07
Object3849,Instance1,109,-14,180,0.5,Instance2,109,-12,180,0.5
Object3850,Instance1,14,-43,20,0.2,Instance2,14,-40,20,0.8
Object3851,Instance1,166,-45,30,0.85,Instance2,166,-3,30,0.15
Object3852,Instance1,934,-43,150,0.48,Instance2,934,-11,150,0.52
Object3853,Instance1,425,-29,130,0.85,Instance2,425,-5,130,0.15
Object3854,Instance1,447,-18,190,0.14,Instance2,447,-27,190,0.86
Object3855,Instance1,929,-39,190,0.3,Instance2,929,-50,190,0.7
Object3856,Instance1,321,-36,70,0.11,Instance2,321,-13,70,0.89
Object3857,Instance1,342,-8,130,0.16,Instance2,342,-3,130,0.84
Object3858,Instance1,873,-10,110,0.49,Instance2,873,-45,110,0.51
Object3859,Instance1,962,-44,160,0.51,Instance2,962,-18,160,0.49
Object3860,Instance1,729,-44,150,0.77,Instance2,729,-49,150,0.23
Object3861,Instance1,149,-46,120,0.59,Instance2,149,-7,120,0.41
Object3862,Instance1,408,-4,110,0.65,Instance2,408,-33,110,0.35
Object3863,Instance1,280,-27,10,0.74,Instance2,280,-35,10,0.26
Object3864,Instance1,421,-13,70,0.05,Instance2,421,-8,70,0.95
Object3865,Instance1,279,-5,140,0.18,Instance2,279,-5,140,0.82
Object3866,Instance1,843,-32,130,0.43,Instance2,843,-37,130,0.57
Object3867,Instance1,508,-21,30,0.63,Instance2,508,-42,30,0.37
Object3868,Instance1,506,-41,10,0.03,Instance2,506,-41,10,0.97
Object3869,Instance1,454,-16,10,0.54,Instance2,454,-18,10,0.46
Object3870,Instance1,596,-41,190,0.21,Instance2,596,-50,190,0.79
Object3871,Instance1,777,-6,90,0.27,Instance2,777,-31,90,0.73
Object3872,Instance1,668,-6,150,0.36,Instance2,668,-20,150,0.64
Object3873,Instance1,395,-38,30,0.27,Instance2,395,-49,30,0.73
Object3874,Instance1,491,-13,140,0.92,Instance2,491,-36,140,0.08
Object3875,Instance1,700,-1,110,0.47,Instance2,700,-26,110,0.53
Object3876,Instance1,587,-46,170,0.55,Instance2,587,-14,170,0.45
Object3877,Instance1,453,-14,80,0.74,Instance2,453,-32,80,0.26
Object3878,Instance1,820,-15,150,0.48,Instance2,820,-8,150,0.52
Object3879,Instance1,748,-21,130,0.18,Instance2,748,-16,130,0.82
Object3880,Instance1,4,-24,160,0.99,Instance2,4,-48,160,0.01
Object3881,Instance1,573,-33,20,0.95,Instance2,573,-22,20,0.05
Object3882,Instance1,746,-42,160,0.88,Instance2,746,-37,160,0.12
Object3883,Instance1,678,-10,180,0.23,Instance2,678,-9,180,0.77
Object3884,Instance1,940,-2,160,0.31,Instance2,940,-2,160,0.69
Object3885,Instance1,450,-43,200,0.96,Instance2,450,-7,200,0.04
Object3886,Instance1,441,-8,120,0.64,Instance2,441,-24,120,0.36
Object3887,Instance1,578,-25,10,0.57,Instance2,578,-23,10,0.43
Object3888,Instance1,620,-4,80,0.93,Instance2,620,-41,80,0.07
Object3889,Instance1,918,-18,140,0.58,Instance2,918,-43,140,0.42
Object3890,Instance1,561,-26,20,0.44,Instance2,561,-7,20,0.56
Object3891,Instance1,313,-40,30,0.64,Instance2,313,-9,30,0.36
Object3892,Instance1,117,-19,30,0.09,Instance2,117,-9,30,0.91
Object3893,Instance1,192,-37,150,0.42,Instance2,192,-37,150,0.58
Object3894,Instance1,574,-44,160,0.65,Instance2,574,-12,160,0.35
Object3895,Instance1,6,-19,120,0.28,Instance2,6,-30,120,0.72
Object3896,Instance1,178,-18,180,0.41,Instance2,178,-8,180,0.59
Object3897,Instance1,322,-45,40,0.26,Instance2,322,-14,40,0.74
Object3898,Instance1,548,-45,60,0.53,Instance2,548,-50,60,0.47
Object3899,Instance1,473,-18,80,0.68,Instance2,473,-32,80,0.32
Object3900,Instance1,325,-33,200,0.94,Instance2,325,-37,200,0.06
Object3901,Instance1,825,-23,140,0.49,Instance2,825,-14,140,0.51
Object3902,Instance1,928,-27,60,0.24,Instance2,928,-17,60,0.76
Object3903,Instance1,350,-6,200,0.41,Instance2,350,-40,200,0.59
Object3904,Instance1,629,-11,160,0.43,Instance2,629,-17,160,0.57
Object3905,Instance1,671,-14,150,0.49,Instance2,671,-26,150,0.51
Object3906,Instance1,190,-39,60,0.54,Instance2,190,-40,60,0.46
Object3907,Instance1,799,-19,10,1.0,Instance2,799,-50,10,0.0
Object3908,Instance1,106,-30,90,0.37,Instance2,106,-47,90,0.63
Object3909,Instance1,925,-42,130,0.34,Instance2,925,-42,130,0.66
Object3910,Instance1,617,-38,120,0.26,Instance2,617,-31,120,0.74
Object3911,Instance1,286,-34,30,0.0,Instance2,286,-14,30,1.0
Object3912,Instance1,725,-8,160,0.34,Instance2,725,-41,160,0.66
Object3913,Instance1,505,-15,130,0.44,Instance2,505,-19,130,0.56
Object3914,Instance1,201,-14,30,0.66,Instance2,201,-10,30,0.34
Object3915,Instance1,773,-16,10,0.76,Instance2,773,-10,10,0.24
Object3916,Instance1,41,-36,20,0.56,Instance2,41,-44,20,0.44
Object3917,Instance1,875,-3,70,0.44,Instance2,875,-42,70,0.56
Object3918,Instance1,373,-24,10,0.91,Instance2,373,-3,10,0.09
Object3919,Instance1,272,-25,170,0.11,Instance2,272,-2,170,0.89
Object3920,Instance1,446,-8,10,0.94,Instance2,446,-5,10,0.06
Object3921,Instance1,73,-36,50,0.03,Instance2,73,-14,50,0.97
Object3922,Instance1,202,-46,110,0.46,Instance2,202,-6,110,0.54
Object3923,Instance1,864,-6,160,0.19,Instance2,864,-37,160,0.81
Object3924,Instance1,1,-21,200,0.76,Instance2,1,-8,200,0.24
Object3925,Instance1,119,-7,30,0.31,Instance2,119,-15,30,0.69
Object3926,Instance1,72,-30,140,0.22,Instance2,72,-44,140,0.78
Object3927,Instance1,383,-4,20,0.94,Instance2,383,-49,20,0.06
Object3928,Instance1,448,-34,90,0.64,Instance2,448,-32,90,0.36
Object3929,Instance1,673,-40,170,0.79,Instance2,673,-9,170,0.21
Object3930,Instance1,945,-16,80,0.49,Instance2,945,-43,80,0.51
Object3931,Instance1,96,-36,180,0.89,Instance2,96,-36,180,0.11
Object3932,Instance1,754,-8,80,0.01,Instance2,754,-9,80,0.99
Object3933,Instance1,739,-14,10,0.68,Instance2,739,-18,10,0.32
Object3934,Instance1,81,-10,70,0.47,Instance2,81,-38,70,0.53
Object3935,Instance1,654,-20,180,0.77,Instance2,654,-37,180,0.23
Object3936,Instance1,685,-27,170,0.51,Instance2,685,-15,170,0.49
Object3937,Instance1,889,-49,10,0.81,Instance2,889,-22,10,0.19
Object3938,Instance1,104,-45,200,0.67,Instance2,104,-13,200,0.33
Object3939,Instance1,484,-4,10,0.71,Instance2,484,-12,10,0.29
Object3940,Instance1,356,-29,70,0.08,Instance2,356,-17,70,0.92
Object3941,Instance1,930,-5,70,0.36,Instance2,930,-44,70,0.64
Object3942,Instance1,252,-32,90,0.28,Instance2,252,-37,90,0.72
Object3943,Instance1,13,-42,20,0.55,Instance2,13,-13,20,0.45
Object3944,Instance1,749,-50,10,0.41,Instance2,749,-19,10,0.59
Object3945,Instance1,893,-10,120,0.33,Instance2,893,-17,120,0.67
Object3946,Instance1,709,-45,190,0.3,Instance2,709,-25,190,0.7
Object3947,Instance1,405,-23,40,0.98,Instance2,405,-18,40,0.02
Object3948,Instance1,553,-45,60,0.02,Instance2,553,-31,60,0.98
Object3949,Instance1,710,-8,50,0.3,Instance2,710,-9,50,0.7
Object3950,Instance1,405,-16,80,0.94,Instance2,405,-37,80,0.06
Object3951,Instance1,503,-17,190,0.88,Instance2,503,-8,190,0.12
Object3952,Instance1,77,-2,70,0.4,Instance2,77,-30,70,0.6
Object3953,Instance1,225,-15,30,0.06,Instance2,225,-45,30,0.94
Object3954,Instance1,404,-12,130,0.97,Instance2,404,-35,130,0.03
Object3955,Instance1,887,-19,200,0.89,Instance2,887,-48,200,0.11
Object3956,Instance1,985,-18,30,0.92,Instance2,985,-9,30,0.08
Object3957,Instance1,772,-49,110,0.34,Instance2,772,-43,110,0.66
Object3958,Instance1,958,-36,110,0.44,Instance2,958,-26,110,0.56
Object3959,Instance1,128,-44,50,0.23,Instance2,128,-35,50,0.77
Object3960,Instance1,259,-22,160,0.26,Instance2,259,-13,160,0.74
Object3961,Instance1,428,-38,110,0.06,Instance2,428,-23,110,0.94
Object3962,Instance1,385,-35,150,0.79,Instance2,385,-15,150,0.21
Object3963,Instance1,844,-21,110,0.58,Instance2,844,-7,110,0.42
Object3964,Instance1,35,-31,200,0.48,Instance2,35,-34,200,0.52
Object3965,Instance1,476,-33,10,0.01,Instance2,476,-27,10,0.99
Object3966,Instance1,842,-30,60,0.49,Instance2,842,-37,60,0.51
Object3967,Instance1,217,-7,140,0.95,Instance2,217,-24,140,0.05
Object3968,Instance1,31,-22,60,0.75,Instance2,31,-39,60,0.25
Object3969,Instance1,240,-6,170,0.14,Instance2,240,-4,170,0.86
Object3970,Instance1,758,-32,130,0.71,Instance2,758,-19,130,0.29
Object3971,Instance1,878,-21,110,0.09,Instance2,878,-28,110,0.91
Object3972,Instance1,708,-25,90,0.28,Instance2,708,-20,90,0.72
Object3973,Instance1,117,-12,100,0.21,Instance2,117,-23,100,0.79
Object3974,Instance1,214,-23,70,0.44,Instance2,214,-16,70,0.56
Object3975,Instance1,550,-47,130,0.89,Instance2,550,-30,130,0.11
Object3976,Instance1,319,-10,160,0.92,Instance2,319,-40,160,0.08
Object3977,Instance1,426,-43,130,0.44,Instance2,426,-39,130,0.56
Object3978,Instance1,544,-42,140,0.96,Instance2,544,-26,140,0.04
Object3979,Instance1,52,-30,40,0.04,Instance2,52,-21,40,0.96
Object3980,Instance1,685,-49,10,0.2,Instance2,685,-39,10,0.8
Object3981,Instance1,655,-2,80,0.89,Instance2,655,-1,80,0.11
Object3982,Instance1,365,-4,30,0.13,Instance2,365,-48,30,0.87
Object3983,Instance1,697,-29,90,0.7,Instance2,697,-38,90,0.3
Object3984,Instance1,78,-49,160,0.39,Instance2,78,-42,160,0.61
Object3985,Instance1,96,-47,30,0.92,Instance2,96,-10,30,0.08
Object3986,Instance1,296,-33,20,0.23,Instance2,296,-15,20,0.77
Object3987,Instance1,310,-35,120,0.3,Instance2,310,-3,120,0.7
Object3988,Instance1,31,-21,90,0.49,Instance2,31,-33,90,0.51
Object3989,Instance1,247,-4,80,0.69,Instance2,247,-11,80,0.31
Object3990,Instance1,914,-21,60,0.41,Instance2,914,-33,60,0.59
Object3991,Instance1,851,-14,70,0.59,Instance2,851,-37,70,0.41
Object3992,Instance1,989,-36,170,0.94,Instance2,989,-44,170,0.06
Object3993,Instance1,449,-45,50,0.29,Instance2,449,-48,50,0.71
Object3994,Instance1,70,-29,50,0.31,Instance2,70,-42,50,0.69
Object3995,Instance1,266,-46,20,0.16,Instance2,266,-44,20,0.84
Object3996,Instance1,815,-47,90,0.39,Instance2,815,-42,90,0.61
Object3997,Instance1,14,-4,140,0.35,Instance2,14,-26,140,0.65
Object3998,Instance1,703,-29,80,0.76,Instance2,703,-1,80,0.24
Object3999,Instance1,285,-4,120,0.54,Instance2,285,-36,120,0.46
Object4000,Instance1,728,-46,120,0.84,Instance2,728,-5,120,0.16
Object4001,Instance1,821,-48,200,0.1,Instance2,821,-22,200,0.9
Object4002,Instance1,392,-23,180,0.18,Instance2,392,-9,180,0.82
Object4003,Instance1,752,-34,60,0.21,Instance2,752,-10,60,0.79
Object4004,Instance1,49,-28,160,0.72,Instance2,49,-44,160,0.28
Object4005,Instance1,635,-17,40,0.41,Instance2,635,-25,40,0.59
Object4006,Instance1,874,-15,110,0.2,Instance2,874,-46,110,0.8
Object4007,Instance1,702,-21,130,0.52,Instance2,702,-47,130,0.48
Object4008,Instance1,994,-45,100,0.86,Instance2,994,-50,100,0.14
Object4009,Instance1,770,-12,160,0.41,Instance2,770,-19,160,0.59
Object4010,Instance1,300,-44,170,0.03,Instance2,300,-18,170,0.97
Object4011,Instance1,401,-49,200,0.12,Instance2,401,-40,200,0.88
Object4012,Instance1,112,-3,30,0.02,Instance2,112,-41,30,0.98
Object4013,Instance1,370,-46,90,0.11,Instance2,370,-31,90,0.89
Object4014,Instance1,375,-40,10,0.05,Instance2,375,-24,10,0.95
Object4015,Instance1,486,-9,200,0.6,Instance2,486,-11,200,0.4
Object4016,Instance1,391,-43,10,0.37,Instance2,391,-7,10,0.63
Object4017,Instance1,203,-9,70,0.27,Instance2,203,-28,70,0.73
Object4018,Instance1,452,-41,190,0.04,Instance2,452,-31,190,0.96
Object4019,Instance1,332,-17,10,0.39,Instance2,332,-49,10,0.61
Object4020,Instance1,737,-6,20,0.34,Instance2,737,-47,20,0.66
Object4021,Instance1,733,-8,50,0.81,Instance2,733,-36,50,0.19
Object4022,Instance1,354,-12,130,0.32,Instance2,354,-40,130,0.68
Object4023,Instance1,471,-27,120,0.19,Instance2,471,-43,120,0.81
Object4024,Instance1,291,-16,20,0.87,Instance2,291,-35,20,0.13
Object4025,Instance1,231,-30,130,0.51,Instance2,231,-38,130,0.49
Object4026,Instance1,65,-26,170,0.87,Instance2,65,-15,170,0.13
Object4027,Instance1,928,-27,60,0.99,Instance2,928,-13,60,0.01
Object4028,Instance1,933,-43,30,0.78,Instance2,933,-46,30,0.22
Object4029,Instance1,222,-3,90,0.07,Instance2,222,-28,90,0.93
Object4030,Instance1,62,-10,30,0.54,Instance2,62,-43,30,0.46
Object4031,Instance1,553,-24,190,0.01,Instance2,553,-50,190,0.99
Object4032,Instance1,155,-18,170,0.68,Instance2,155,-21,170,0.32
Object4033,Instance1,786,-11,160,0.17,Instance2,786,-18,160,0.83
Object4034,Instance1,434,-1,20,0.92,Instance2,434,-4,20,0.08
Object4035,Instance1,292,-8,80,0.86,Instance2,292,-18,80,0.14
Object4036,Instance1,40,-2,70,0.45,Instance2,40,-7,70,0.55
Object4037,Instance1,99,-23,160,0.42,Instance2,99,-30,160,0.58
Object4038,Instance1,278,-41,180,0.0,Instance2,278,-40,180,1.0
Object4039,Instance1,905,-22,170,0.86,Instance2,905,-48,170,0.14
Object4040,Instance1,489,-48,30,0.45,Instance2,489,-27,30,0.55
Object4041,Instance1,648,-8,170,0.95,Instance2,648,-11,170,0.05
Object4042,Instance1,988,-24,10,0.24,Instance2,988,-39,10,0.76
Object4043,Instance1,718,-26,20,0.47,Instance2,718,-28,20,0.53
Object4044,Instance1,792,-14,100,0.35,Instance2,792,-7,100,0.65
Object4045,Instance1,420,-19,20,0.1,Instance2,420,-35,20,0.9
Object4046,Instance1,5,-17,40,0.26,Instance2,5,-23,40,0.74
Object4047,Instance1,246,-28,150,0.66,Instance2,246,-41,150,0.34
Object4048,Instance1,6,-44,110,0.63,Instance2,6,-11,110,0.37
Object4049,Instance1,770,-38,80,0.28,Instance2,770,-21,80,0.72
Object4050,Instance1,691,-49,180,0.26,Instance2,691,-39,180,0.74
Object4051,Instance1,68,-42,80,0.17,Instance2,68,-34,80,0.83
Object4052,Instance1,630,-15,180,0.03,Instance2,630,-1,180,0.97
Object4053,Instance1,560,-14,90,0.38,Instance2,560,-36,90,0.62
Object4054,Instance1,61,-43,180,0.29,Instance2,61,-16,180,0.71
Object4055,Instance1,898,-48,150,0.22,Instance2,898,-48,150,0.78
Object4056,Instance1,141,-50,10,0.37,Instance2,141,-16,10,0.63
Object4057,Instance1,185,-5,40,0.89,Instance2,185,-8,40,0.11
Object4058,Instance1,725,-11,90,0.64,Instance2,725,-48,90,0.36
Object4059,Instance1,341,-24,80,0.49,Instance2,341,-29,80,0.51
Object4060,Instance1,885,-31,200,0.6,Instance2,885,-30,200,0.4
Object4061,Instance1,381,-16,10,0.32,Instance2,381,-35,10,0.68
Object4062,Instance1,87,-33,10,0.63,Instance2,87,-14,10,0.37
Object4063,Instance1,445,-1,20,0.25,Instance2,445,-43,20,0.75
Object4064,Instance1,289,-9,170,0.47,Instance2,289,-50,170,0.53
Object4065,Instance1,104,-33,200,0.82,Instance2,104,-49,200,0.18
Object4066,Instance1,331,-32,170,0.47,Instance2,331,-42,170,0.53
Object4067,Instance1,207,-38,50,0.18,Instance2,207,-5,50,0.82
Object4068,Instance1,894,-16,100,0.67,Instance2,894,-42,100,0.33
Object4069,Instance1,993,-2,120,0.14,Instance2,993,-23,120,0.86
Object4070,Instance1,475,-6,80,0.03,Instance2,475,-45,80,0.97
Object4071,Instance1,706,-35,120,0.44,Instance2,706,-43,120,0.56
Object4072,Instance1,412,-50,130,0.53,Instance2,412,-17,130,0.47
Object4073,Instance1,388,-30,80,0.45,Instance2,388,-5,80,0.55
Object4074,Instance1,175,-42,180,0.52,Instance2,175,-7,180,0.48
Object4075,Instance1,415,-7,190,0.34,Instance2,415,-34,190,0.66
Object4076,Instance1,825,-42,150,0.56,Instance2,825,-5,150,0.44
Object4077,Instance1,114,-45,130,0.38,Instance2,114,-36,130,0.62
Object4078,Instance1,965,-31,50,0.83,Instance2,965,-31,50,0.17
Object4079,Instance1,478,-34,30,0.61,Instance2,478,-41,30,0.39
Object4080,Instance1,732,-41,200,0.15,Instance2,732,-43,200,0.85
Object4081,Instance1,669,-17,40,0.63,Instance2,669,-17,40,0.37
Object4082,Instance1,970,-11,190,0.12,Instance2,970,-18,190,0.88
Object4083,Instance1,249,-8,100,0.63,Instance2,249,-21,100,0.37
Object4084,Instance1,790,-25,30,0.44,Instance2,790,-1,30,0.56
Object4085,Instance1,825,-29,170,0.85,Instance2,825,-37,170,0.15
Object4086,Instance1,759,-49,140,0.61,Instance2,759,-6,140,0.39
Object4087,Instance1,808,-13,200,0.2,Instance2,808,-50,200,0.8
Object4088,Instance1,944,-25,200,0.9,Instance2,944,-36,200,0.1
Object4089,Instance1,792,-19,70,0.93,Instance2,792,-20,70,0.07
Object4090,Instance1,54,-46,150,0.5,Instance2,54,-15,150,0.5
Object4091,Instance1,863,-3,190,0.93,Instance2,863,-24,190,0.07
Object4092,Instance1,21,-41,30,0.26,Instance2,21,-11,30,0.74
Object4093,Instance1,931,-11,190,0.01,Instance2,931,-15,190,0.99
Object4094,Instance1,952,-5,160,0.25,Instance2,952,-11,160,0.75
Object4095,Instance1,199,-12,100,0.0,Instance2,199,-30,100,1.0
Object4096,Instance1,722,-26,200,0.4,Instance2,722,-41,200,0.6
Object4097,Instance1,513,-49,10,0.83,Instance2,513,-37,10,0.17
Object4098,Instance1,2,-31,190,0.02,Instance2,2,-11,190,0.98
Object4099,Instance1,825,-27,170,0.11,Instance2,825,-16,170,0.89
Object4100,Instance1,431,-12,120,0.18,Instance2,431,-4,120,0.82
Object4101,Instance1,720,-12,20,0.58,Instance2,720,-6,20,0.42
Object4102,Instance1,92,-45,200,0.33,Instance2,92,-16,200,0.67
Object4103,Instance1,243,-50,80,0.3,Instance2,243,-19,80,0.7
Object4104,Instance1,278,-18,30,0.91,Instance2,278,-23,30,0.09
Object4105,Instance1,6,-19,170,0.47,Instance2,6,-42,170,0.53
Object4106,Instance1,935,-26,180,0.75,Instance2,935,-19,180,0.25
Object4107,Instance1,501,-15,150,0.71,Instance2,501,-42,150,0.29
Object4108,Instance1,215,-4,90,0.01,Instance2,215,-48,90,0.99
Object4109,Instance1,93,-40,110,0.9,Instance2,93,-2,110,0.1
Object4110,Instance1,562,-24,20,0.67,Instance2,562,-4,20,0.33
Object4111,Instance1,456,-49,20,0.74,Instance2,456,-32,20,0.26
Object4112,Instance1,740,-3,130,0.99,Instance2,740,-27,130,0.01
Object4113,Instance1,596,-42,160,0.96,Instance2,596,-15,160,0.04
Object4114,Instance1,490,-28,130,0.4,Instance2,490,-50,130,0.6
Object4115,Instance1,952,-29,170,0.23,Instance2,952,-42,170,0.77
Object4116,Instance1,660,-32,80,0.33,Instance2,660,-14,80,0.67
Object4117,Instance1,544,-48,160,0.92,Instance2,544,-10,160,0.08
Object4118,Instance1,73,-15,50,0.99,Instance2,73,-46,50,0.01
Object4119,Instance1,308,-25,30,0.16,Instance2,308,-33,30,0.84
Object4120,Instance1,217,-23,200,0.44,Instance2,217,-19,200,0.56
Object4121,Instance1,17,-7,200,0.88,Instance2,17,-27,200,0.12
Object4122,Instance1,18,-27,120,0.31,Instance2,18,-47,120,0.69
Object4123,Instance1,701,-19,110,0.07,Instance2,701,-5,110,0.93
Object4124,Instance1,273,-10,190,0.62,Instance2,273,-45,190,0.38
Object4125,Instance1,132,-38,160,0.06,Instance2,132,-41,160,0.94
Object4126,Instance1,428,-35,130,0.08,Instance2,428,-22,130,0.92
Object4127,Instance1,948,-1,120,0.51,Instance2,948,-24,120,0.49
Object4128,Instance1,593,-10,100,0.19,Instance2,593,-22,100,0.81
Object4129,Instance1,456,-11,80,0.41,Instance2,456,-17,80,0.59
Object4130,Instance1,726,-7,70,0.96,Instance2,726,-43,70,0.04
Object4131,Instance1,691,-50,150,0.87,Instance2,691,-35,150,0.13
Object4132,Instance1,436,-10,170,0.23,Instance2,436,-8,170,0.77
Object4133,Instance1,266,-34,20,0.94,Instance2,266,-7,20,0.06
Object4134,Instance1,286,-22,170,0.22,Instance2,286,-15,170,0.78
Object4135,Instance1,951,-23,100,0.48,Instance2,951,-23,100,0.52
Object4136,Instance1,298,-15,170,0.69,Instance2,298,-10,170,0.31
Object4137,Instance1,979,-16,40,0.12,Instance2,979,-28,40,0.88
Object4138,Instance1,423,-24,60,0.54,Instance2,423,-47,60,0.46
Object4139,Instance1,999,-18,120,0.18,Instance2,999,-11,120,0.82
Object4140,Instance1,244,-8,40,0.2,Instance2,244,-4,40,0.8
Object4141,Instance1,36,-26,110,0.61,Instance2,36,-19,110,0.39
Object4142,Instance1,288,-29,90,0.66,Instance2,288,-25,90,0.34
Object4143,Instance1,912,-22,110,0.82,Instance2,912,-9,110,0.18
Object4144,Instance1,371,-44,160,0.87,Instance2,371,-22,160,0.13
Object4145,Instance1,309,-29,80,0.61,Instance2,309,-26,80,0.39
Object4146,Instance1,13,-34,190,0.7,Instance2,13,-27,190,0.3
Object4147,Instance1,943,-46,130,0.89,Instance2,943,-38,130,0.11
Object4148,Instance1,833,-3,100,0.0,Instance2,833,-21,100,1.0
Object4149,Instance1,171,-16,80,0.08,Instance2,171,-46,80,0.92
Object4150,Instance1,467,-26,60,0.77,Instance2,467,-19,60,0.23
Object4151,Instance1,172,-8,20,0.34,Instance2,172,-47,20,0.66
Object4152,Instance1,574,-10,90,0.31,Instance2,574,-17,90,0.69
Object4153,Instance1,355,-21,180,0.79,Instance2,355,-30,180,0.21
Object4154,Instance1,496,-31,90,0.41,Instance2,496,-20,90,0.59
Object4155,Instance1,525,-37,50,0.59,Instance2,525,-40,50,0.41
Object4156,Instance1,320,-43,160,0.52,Instance2,320,-50,160,0.48
Object4157,Instance1,824,-47,50,0.9,Instance2,824,-8,50,0.1
Object4158,Instance1,392,-30,180,0.82,Instance2,392,-11,180,0.18
Object4159,Instance1,563,-12,20,0.98,Instance2,563,-5,20,0.02
Object4160,Instance1,120,-20,190,0.64,Instance2,120,-48,190,0.36
Object4161,Instance1,217,-14,150,0.5,Instance2,217,-9,150,0.5
Object4162,Instance1,990,-41,190,0.53,Instance2,990,-18,190,0.47
Object4163,Instance1,748,-36,80,0.38,Instance2,748,-5,80,0.62
Object4164,Instance1,8,-10,120,0.2,Instance2,8,-14,120,0.8
Object4165,Instance1,849,-5,30,0.03,Instance2,849,-12,30,0.97
Object4166,Instance1,461,-26,70,0.75,Instance2,461,-42,70,0.25
Object4167,Instance1,124,-47,40,0.05,Instance2,124,-12,40,0.95
Object4168,Instance1,528,-49,130,0.68,Instance2,528,-5,130,0.32
Object4169,Instance1,165,-10,20,0.76,Instance2,165,-19,20,0.24
Object4170,Instance1,622,-5,40,0.9,Instance2,622,-12,40,0.1
Object4171,Instance1,518,-32,30,0.45,Instance2,518,-26,30,0.55
Object4172,Instance1,709,-43,190,0.73,Instance2,709,-5,190,0.27
Object4173,Instance1,854,-16,20,0.36,Instance2,854,-47,20,0.64
Object4174,Instance1,728,-21,180,0.82,Instance2,728,-21,180,0.18
Object4175,Instance1,926,-4,70,0.08,Instance2,926,-36,70,0.92
Object4176,Instance1,185,-2,180,0.81,Instance2,185,-2,180,0.19
Object4177,Instance1,319,-30,200,0.47,Instance2,319,-9,200,0.53
Object4178,Instance1,33,-19,140,0.64,Instance2,33,-29,140,0.36
Object4179,Instance1,859,-29,140,0.86,Instance2,859,-12,140,0.14
Object4180,Instance1,486,-37,140,0.09,Instance2,486,-15,140,0.91
Object4181,Instance1,341,-3,180,0.72,Instance2,341,-50,180,0.28
Object4182,Instance1,631,-21,120,0.39,Instance2,631,-34,120,0.61
Object4183,Instance1,807,-24,50,0.54,Instance2,807,-30,50,0.46
Object4184,Instance1,243,-30,20,0.36,Instance2,243,-33,20,0.64
Object4185,Instance1,301,-7,170,0.45,Instance2,301,-47,170,0.55
Object4186,Instance1,693,-45,120,0.85,Instance2,693,-33,120,0.15
Object4187,Instance1,598,-32,120,0.05,Instance2,598,-24,120,0.95
Object4188,Instance1,403,-3,180,0.21,Instance2,403,-6,180,0.79
Object4189,Instance1,615,-40,50,0.62,Instance2,615,-46,50,0.38
Object4190,Instance1,86,-13,60,0.13,Instance2,86,-10,60,0.87
Object4191,Instance1,633,-30,100,0.2,Instance2,633,-18,100,0.8
Object4192,Instance1,534,-28,130,0.21,Instance2,534,-42,130,0.79
Object4193,Instance1,456,-50,140,0.46,Instance2,456,-19,140,0.54
Object4194,Instance1,943,-29,170,0.52,Instance2,943,-12,170,0.48
Object4195,Instance1,6,-32,100,0.64,Instance2,6,-17,100,0.36
Object4196,Instance1,278,-7,40,0.76,Instance2,278,-18,40,0.24
Object4197,Instance1,265,-31,170,0.59,Instance2,265,-43,170,0.41
Object4198,Instance1,493,-9,80,0.83,Instance2,493,-10,80,0.17
Object4199,Instance1,196,-5,90,0.24,Instance2,196,-48,90,0.76
Object4200,Instance1,551,-24,180,0.98,Instance2,551,-39,180,0.02
Object4201,Instance1,30,-25,180,0.12,Instance2,30,-19,180,0.88
Object4202,Instance1,161,-10,100,0.5,Instance2,161,-30,100,0.5
Object4203,Instance1,506,-28,60,0.64,Instance2,506,-5,60,0.36
Object4204,Instance1,993,-7,20,0.95,Instance2,993,-30,20,0.05
Object4205,Instance1,337,-41,20,0.75,Instance2,337,-33,20,0.25
Object4206,Instance1,860,-1,30,0.88,Instance2,860,-41,30,0.12
Object4207,Instance1,939,-25,130,0.04,Instance2,939,-6,130,0.96
Object4208,Instance1,145,-42,130,0.26,Instance2,145,-49,130,0.74
Object4209,Instance1,889,-6,40,0.01,Instance2,889,-30,40,0.99
Object4210,Instance1,137,-50,100,0.05,Instance2,137,-29,100,0.95
Object4211,Instance1,696,-4,80,0.34,Instance2,696,-28,80,0.66
Object4212,Instance1,431,-14,90,0.1,Instance2,431,-34,90,0.9
Object4213,Instance1,999,-9,20,0.43,Instance2,999,-10,20,0.57
Object4214,Instance1,430,-41,40,0.06,Instance2,430,-22,40,0.94
Object4215,Instance1,307,-25,200,0.75,Instance2,307,-33,200,0.25
Object4216,Instance1,284,-49,40,0.61,Instance2,284,-49,40,0.39
Object4217,Instance1,603,-13,160,0.2,Instance2,603,-32,160,0.8
Object4218,Instance1,602,-22,70,0.89,Instance2,602,-49,70,0.11
Object4219,Instance1,348,-23,100,0.5,Instance2,348,-37,100,0.5
Object4220,Instance1,591,-10,50,0.9,Instance2,591,-14,50,0.1
Object4221,Instance1,469,-3,10,0.97,Instance2,469,-14,10,0.03
Object4222,Instance1,921,-12,180,0.63,Instance2,921,-11,180,0.37
Object4223,Instance1,176,-32,200,0.38,Instance2,176,-46,200,0.62
Object4224,Instance1,276,-23,60,0.7,Instance2,276,-8,60,0.3
Object4225,Instance1,353,-18,160,0.29,Instance2,353,-12,160,0.71
Object4226,Instance1,240,-6,110,0.85,Instance2,240,-25,110,0.15
Object4227,Instance1,536,-1,50,0.2,Instance2,536,-46,50,0.8
Object4228,Instance1,774,-15,30,0.25,Instance2,774,-43,30,0.75
Object4229,Instance1,480,-25,80,0.07,Instance2,480,-31,80,0.93
Object4230,Instance1,693,-49,130,0.58,Instance2,693,-11,130,0.42
Object4231,Instance1,216,-13,80,0.65,Instance2,216,-39,80,0.35
Object4232,Instance1,308,-15,110,0.73,Instance2,308,-7,110,0.27
Object4233,Instance1,877,-17,60,0.19,Instance2,877,-3,60,0.81
Object4234,Instance1,579,-23,30,0.92,Instance2,579,-39,30,0.08
Object4235,Instance1,392,-30,130,0.93,Instance2,392,-30,130,0.07
Object4236,Instance1,359,-21,80,0.22,Instance2,359,-37,80,0.78
Object4237,Instance1,825,-19,30,0.34,Instance2,825,-40,30,0.66
Object4238,Instance1,148,-44,190,0.87,Instance2,148,-32,190,0.13
Object4239,Instance1,774,-40,90,0.82,Instance2,774,-5,90,0.18
Object4240,Instance1,175,-41,20,0.3,Instance2,175,-43,20,0.7
Object4241,Instance1,811,-44,80,0.09,Instance2,811,-14,80,0.91
Object4242,Instance1,72,-9,140,0.44,Instance2,72,-43,140,0.56
Object4243,Instance1,244,-29,130,0.3,Instance2,244,-26,130,0.7
Object4244,Instance1,800,-14,80,0.62,Instance2,800,-3,80,0.38
Object4245,Instance1,361,-37,150,0.66,Instance2,361,-37,150,0.34
Object4246,Instance1,271,-17,10,0.32,Instance2,271,-31,10,0.68
Object4247,Instance1,160,-39,100,0.36,Instance2,160,-28,100,0.64
Object4248,Instance1,832,-14,190,0.95,Instance2,832,-42,190,0.05
Object4249,Instance1,429,-23,90,0.93,Instance2,429,-36,90,0.07
Object4250,Instance1,57,-2,170,0.42,Instance2,57,-2,170,0.58
Object4251,Instance1,711,-32,90,0.12,Instance2,711,-23,90,0.88
Object4252,Instance1,795,-31,50,0.88,Instance2,795,-4,50,0.12
Object4253,Instance1,374,-44,40,0.84,Instance2,374,-50,40,0.16
Object4254,Instance1,531,-15,100,0.17,Instance2,531,-15,100,0.83
Object4255,Instance1,696,-9,180,0.95,Instance2,696,-15,180,0.05
Object4256,Instance1,334,-48,150,0.08,Instance2,334,-21,150,0.92
Object4257,Instance1,939,-21,120,0.71,Instance2,939,-2,120,0.29
Object4258,Instance1,108,-34,150,0.73,Instance2,108,-34,150,0.27
Object4259,Instance1,242,-32,50,0.89,Instance2,242,-24,50,0.11
Object4260,Instance1,653,-24,150,0.01,Instance2,653,-36,150,0.99
Object4261,Instance1,313,-5,10,0.12,Instance2,313,-42,10,0.88
Object4262,Instance1,654,-31,50,0.43,Instance2,654,-33,50,0.57
Object4263,Instance1,85,-35,120,0.31,Instance2,85,-33,120,0.69
Object4264,Instance1,245,-38,140,0.52,Instance2,245,-25,140,0.48
Object4265,Instance1,132,-32,10,0.26,Instance2,132,-13,10,0.74
Object4266,Instance1,841,-31,40,0.28,Instance2,841,-15,40,0.72
Object4267,Instance1,192,-50,80,0.47,Instance2,192,-6,80,0.53
Object4268,Instance1,240,-7,170,0.74,Instance2,240,-8,170,0.26
Object4269,Instance1,111,-36,150,0.14,Instance2,111,-20,150,0.86
Object4270,Instance1,331,-22,150,0.16,Instance2,331,-37,150,0.84
Object4271,Instance1,481,-40,100,0.04,Instance2,481,-25,100,0.96
Object4272,Instance1,583,-5,50,0.26,Instance2,583,-30,50,0.74
Object4273,Instance1,194,-33,110,0.68,Instance2,194,-26,110,0.32
Object4274,Instance1,651,-39,80,0.87,Instance2,651,-27,80,0.13
Object4275,Instance1,87,-20,70,0.83,Instance2,87,-4,70,0.17
Object4276,Instance1,897,-12,160,0.08,Instance2,897,-28,160,0.92
Object4277,Instance1,695,-43,130,0.52,Instance2,695,-27,130,0.48
Object4278,Instance1,85,-15,70,0.94,Instance2,85,-10,70,0.06
Object4279,Instance1,843,-46,190,0.39,Instance2,843,-24,190,0.61
Object4280,Instance1,105,-11,20,0.55,Instance2,105,-31,20,0.45
Object4281,Instance1,980,-9,110,0.29,Instance2,980,-17,110,0.71
Object4282,Instance1,454,-24,80,0.58,Instance2,454,-30,80,0.42
Object4283,Instance1,430,-10,170,0.85,Instance2,430,-27,170,0.15
Object4284,Instance1,660,-15,120,0.44,Instance2,660,-18,120,0.56
Object4285,Instance1,274,-45,90,0.72,Instance2,274,-3,90,0.28
Object4286,Instance1,272,-42,130,0.36,Instance2,272,-23,130,0.64
Object4287,Instance1,968,-37,40,0.34,Instance2,968,-4,40,0.66
Object4288,Instance1,995,-45,190,0.85,Instance2,995,-41,190,0.15
Object4289,Instance1,595,-17,120,0.95,Instance2,595,-16,120,0.05
Object4290,Instance1,879,-18,140,0.78,Instance2,879,-47,140,0.22
Object4291,Instance1,66,-38,70,0.71,Instance2,66,-39,70,0.29
Object4292,Instance1,582,-8,140,0.87,Instance2,582,-22,140,0.13
Object4293,Instance1,715,-3,160,0.21,Instance2,715,-33,160,0.79
Object4294,Instance1,649,-48,180,0.15,Instance2,649,-22,180,0.85
Object4295,Instance1,57,-18,130,0.75,Instance2,57,-36,130,0.25
Object4296,Instance1,931,-49,100,0.48,Instance2,931,-26,100,0.52
Object4297,Instance1,853,-6,120,0.75,Instance2,853,-9,120,0.25
Object4298,Instance1,650,-1,120,0.02,Instance2,650,-42,120,0.98
Object4299,Instance1,570,-36,140,0.97,Instance2,570,-27,140,0.03
Object4300,Instance1,333,-37,40,0.44,Instance2,333,-16,40,0.56
Object4301,Instance1,116,-26,70,0.11,Instance2,116,-23,70,0.89
Object4302,Instance1,396,-27,140,0.63,Instance2,396,-30,140,0.37
Object4303,Instance1,425,-30,130,0.22,Instance2,425,-40,130,0.78
Object4304,Instance1,545,-27,80,0.78,Instance2,545,-12,80,0.22
Object4305,Instance1,1,-10,110,0.95,Instance2,1,-25,110,0.05
Object4306,Instance1,880,-36,200,0.7,Instance2,880,-12,200,0.3
Object4307,Instance1,121,-1,180,0.75,Instance2,121,-5,180,0.25
Object4308,Instance1,158,-19,20,0.2,Instance2,158,-49,20,0.8
Object4309,Instance1,716,-37,100,0.18,Instance2,716,-32,100,0.82
Object4310,Instance1,555,-35,170,0.23,Instance2,555,-38,170,0.77
Object4311,Instance1,368,-30,10,0.92,Instance2,368,-11,10,0.08
Object4312,Instance1,166,-28,20,0.77,Instance2,166,-23,20,0.23
Object4313,Instance1,585,-18,50,0.76,Instance2,585,-32,50,0.24
Object4314,Instance1,956,-31,70,0.78,Instance2,956,-49,70,0.22
Object4315,Instance1,285,-41,200,0.32,Instance2,285,-5,200,0.68
Object4316,Instance1,423,-27,140,0.17,Instance2,423,-28,140,0.83
Object4317,Instance1,392,-2,40,0.81,Instance2,392,-26,40,0.19
Object4318,Instance1,916,-2,200,0.3,Instance2,916,-14,200,0.7
Object4319,Instance1,974,-11,90,0.02,Instance2,974,-14,90,0.98
Object4320,Instance1,719,-10,60,0.52,Instance2,719,-47,60,0.48
Object4321,Instance1,141,-4,110,0.56,Instance2,141,-28,110,0.44
Object4322,Instance1,300,-10,40,0.81,Instance2,300,-48,40,0.19
Object4323,Instance1,790,-5,20,0.82,Instance2,790,-31,20,0.18
Object4324,Instance1,755,-46,70,1.0,Instance2,755,-48,70,0.0
Object4325,Instance1,333,-9,180,0.35,Instance2,333,-21,180,0.65
Object4326,Instance1,162,-38,150,0.65,Instance2,162,-33,150,0.35
Object4327,Instance1,410,-14,160,0.62,Instance2,410,-27,160,0.38
Object4328,Instance1,596,-27,70,0.36,Instance2,596,-4,70,0.64
Object4329,Instance1,819,-25,10,0.89,Instance2,819,-44,10,0.11
Object4330,Instance1,381,-43,200,0.28,Instance2,381,-42,200,0.72
Object4331,Instance1,960,-16,140,0.05,Instance2,960,-31,140,0.95
Object4332,Instance1,541,-37,40,0.11,Instance2,541,-25,40,0.89
Object4333,Instance1,209,-21,20,0.39,Instance2,209,-3,20,0.61
Object4334,Instance1,569,-20,80,0.97,Instance2,569,-21,80,0.03
Object4335,Instance1,98,-15,70,0.85,Instance2,98,-5,70,0.15
Object4336,Instance1,347,-36,200,0.54,Instance2,347,-43,200,0.46
Object4337,Instance1,308,-19,60,0.64,Instance2,308,-27,60,0.36
Object4338,Instance1,408,-3,20,0.29,Instance2,408,-45,20,0.71
Object4339,Instance1,160,-23,140,0.12,Instance2,160,-7,140,0.88
Object4340,Instance1,653,-12,60,0.49,Instance2,653,-13,60,0.51
Object4341,Instance1,993,-49,200,0.81,Instance2,993,-10,200,0.19
Object4342,Instance1,97,-48,110,0.58,Instance2,97,-37,110,0.42
Object4343,Instance1,698,-50,180,0.99,Instance2,698,-37,180,0.01
Object4344,Instance1,880,-37,110,0.92,Instance2,880,-48,110,0.08
Object4345,Instance1,144,-10,190,0.47,Instance2,144,-22,190,0.53
Object4346,Instance1,550,-30,120,0.54,Instance2,550,-40,120,0.46
Object4347,Instance1,117,-20,50,0.14,Instance2,117,-49,50,0.86
Object4348,Instance1,14,-5,10,0.78,Instance2,14,-34,10,0.22
Object4349,Instance1,355,-23,140,0.07,Instance2,355,-24,140,0.93
Object4350,Instance1,624,-38,60,0.26,Instance2,624,-26,60,0.74
Object4351,Instance1,881,-24,190,0.93,Instance2,881,-34,190,0.07
Object4352,Instance1,228,-42,140,0.84,Instance2,228,-20,140,0.16
Object4353,Instance1,75,-28,130,0.73,Instance2,75,-28,130,0.27
Object4354,Instance1,477,-12,90,0.53,Instance2,477,-45,90,0.47
Object4355,Instance1,375,-11,40,0.73,Instance2,375,-3,40,0.27
Object4356,Instance1,83,-21,190,0.81,Instance2,83,-33,190,0.19
Object4357,Instance1,910,-12,140,0.41,Instance2,910,-2,140,0.59
Object4358,Instance1,360,-7,190,0.8,Instance2,360,-20,190,0.2
Object4359,Instance1,65,-33,190,0.46,Instance2,65,-44,190,0.54
Object4360,Instance1,698,-11,90,0.62,Instance2,698,-18,90,0.38
Object4361,Instance1,564,-14,90,0.92,Instance2,564,-39,90,0.08
Object4362,Instance1,282,-32,130,0.33,Instance2,282,-46,130,0.67
Object4363,Instance1,708,-15,70,0.21,Instance2,708,-5,70,0.79
Object4364,Instance1,80,-6,10,0.81,Instance2,80,-23,10,0.19
Object4365,Instance1,450,-20,180,0.12,Instance2,450,-25,180,0.88
Object4366,Instance1,646,-15,90,0.32,Instance2,646,-25,90,0.68
Object4367,Instance1,983,-11,90,0.39,Instance2,983,-25,90,0.61
Object4368,Instance1,932,-9,140,0.02,Instance2,932,-47,140,0.98
Object4369,Instance1,652,-36,30,0.42,Instance2,652,-36,30,0.58
Object4370,Instance1,905,-13,170,0.09,Instance2,905,-13,170,0.91
Object4371,Instance1,243,-31,90,0.6,Instance2,243,-43,90,0.4
Object4372,Instance1,609,-47,60,0.58,Instance2,609,-38,60,0.42
Object4373,Instance1,119,-6,110,0.92,Instance2,119,-29,110,0.08
Object4374,Instance1,752,-11,170,0.84,Instance2,752,-15,170,0.16
Object4375,Instance1,23,-49,90,0.58,Instance2,23,-21,90,0.42
Object4376,Instance1,400,-48,20,0.01,Instance2,400,-22,20,0.99
Object4377,Instance1,312,-1,180,0.29,Instance2,312,-45,180,0.71
Object4378,Instance1,664,-2,20,0.97,Instance2,664,-6,20,0.03
Object4379,Instance1,261,-36,50,0.5,Instance2,261,-34,50,0.5
Object4380,Instance1,792,-3,20,0.36,Instance2,792,-30,20,0.64
Object4381,Instance1,233,-3,60,0.08,Instance2,233,-2,60,0.92
Object4382,Instance1,483,-7,110,0.81,Instance2,483,-20,110,0.19
Object4383,Instance1,367,-36,10,0.9,Instance2,367,-9,10,0.1
Object4384,Instance1,620,-23,10,0.05,Instance2,620,-26,10,0.95
Object4385,Instance1,799,-4,130,0.82,Instance2,799,-32,130,0.18
Object4386,Instance1,222,-40,10,0.24,Instance2,222,-46,10,0.76
Object4387,Instance1,490,-49,130,0.14,Instance2,490,-21,130,0.86
Object4388,Instance1,718,-26,190,0.26,Instance2,718,-40,190,0.74
Object4389,Instance1,985,-12,130,0.85,Instance2,985,-6,130,0.15
Object4390,Instance1,732,-30,40,0.01,Instance2,732,-49,40,0.99
Object4391,Instance1,4,-13,10,0.43,Instance2,4,-15,10,0.57
Object4392,Instance1,215,-5,200,0.91,Instance2,215,-18,200,0.09
Object4393,Instance1,152,-17,120,0.8,Instance2,152,-39,120,0.2
Object4394,Instance1,956,-16,70,0.33,Instance2,956,-16,70,0.67
Object4395,Instance1,75,-1,190,0.35,Instance2,75,-39,190,0.65
Object4396,Instance1,164,-3,70,0.59,Instance2,164,-4,70,0.41
Object4397,Instance1,704,-5,110,0.77,Instance2,704,-47,110,0.23
Object4398,Instance1,795,-45,50,0.79,Instance2,795,-32,50,0.21
Object4399,Instance1,903,-41,100,0.54,Instance2,903,-29,100,0.46
Object4400,Instance1,393,-44,200,0.2,Instance2,393,-4,200,0.8
Object4401,Instance1,722,-44,190,0.33,Instance2,722,-19,190,0.67
Object4402,Instance1,243,-47,130,0.32,Instance2,243,-4,130,0.68
Object4403,Instance1,571,-43,70,0.1,Instance2,571,-6,70,0.9
Object4404,Instance1,218,-36,150,0.17,Instance2,218,-11,150,0.83
Object4405,Instance1,68,-40,140,0.14,Instance2,68,-2,140,0.86
Object4406,Instance1,426,-44,190,0.87,Instance2,426,-27,190,0.13
Object4407,Instance1,956,-39,140,0.16,Instance2,956,-5,140,0.84
Object4408,Instance1,810,-17,70,0.54,Instance2,810,-27,70,0.46
Object4409,Instance1,952,-48,110,0.51,Instance2,952,-46,110,0.49
Object4410,Instance1,398,-49,110,0.48,Instance2,398,-28,110,0.52
Object4411,Instance1,329,-24,30,0.77,Instance2,329,-29,30,0.23
Object4412,Instance1,528,-9,160,0.19,Instance2,528,-32,160,0.81
Object4413,Instance1,219,-25,140,0.24,Instance2,219,-3,140,0.76
Object4414,Instance1,682,-3,80,0.01,Instance2,682,-1,80,0.99
Object4415,Instance1,414,-48,160,0.51,Instance2,414,-13,160,0.49
Object4416,Instance1,866,-34,90,0.35,Instance2,866,-39,90,0.65
Object4417,Instance1,543,-32,90,0.45,Instance2,543,-31,90,0.55
Object4418,Instance1,676,-12,20,0.12,Instance2,676,-44,20,0.88
Object4419,Instance1,965,-50,70,0.52,Instance2,965,-47,70,0.48
Object4420,Instance1,781,-9,90,0.03,Instance2,781,-28,90,0.97
Object4421,Instance1,276,-24,50,0.57,Instance2,276,-21,50,0.43
Object4422,Instance1,986,-10,80,0.39,Instance2,986,-29,80,0.61
Object4423,Instance1,912,-44,80,0.18,Instance2,912,-12,80,0.82
Object4424,Instance1,486,-42,190,0.73,Instance2,486,-44,190,0.27
Object4425,Instance1,689,-36,200,0.11,Instance2,689,-7,200,0.89
Object4426,Instance1,959,-48,170,0.24,Instance2,959,-21,170,0.76
Object4427,Instance1,466,-6,190,0.79,Instance2,466,-27,190,0.21
Object4428,Instance1,974,-35,140,0.78,Instance2,974,-36,140,0.22
Object4429,Instance1,265,-25,10,0.61,Instance2,265,-6,10,0.39
Object4430,Instance1,65,-6,160,0.42,Instance2,65,-12,160,0.58
Object4431,Instance1,493,-34,60,0.34,Instance2,493,-49,60,0.66
Object4432,Instance1,282,-6,40,0.6,Instance2,282,-50,40,0.4
Object4433,Instance1,923,-45,20,0.77,Instance2,923,-11,20,0.23
Object4434,Instance1,663,-23,40,0.13,Instance2,663,-28,40,0.87
Object4435,Instance1,337,-8,170,0.89,Instance2,337,-23,170,0.11
Object4436,Instance1,442,-43,190,0.36,Instance2,442,-42,190,0.64
Object4437,Instance1,852,-13,200,0.9,Instance2,852,-15,200,0.1
Object4438,Instance1,580,-31,100,0.54,Instance2,580,-24,100,0.46
Object4439,Instance1,392,-16,60,0.36,Instance2,392,-2,60,0.64
Object4440,Instance1,683,-23,50,0.07,Instance2,683,-19,50,0.93
Object4441,Instance1,704,-35,160,0.22,Instance2,704,-46,160,0.78
Object4442,Instance1,724,-18,50,0.18,Instance2,724,-3,50,0.82
Object4443,Instance1,748,-50,170,0.94,Instance2,748,-5,170,0.06
Object4444,Instance1,255,-44,80,0.58,Instance2,255,-25,80,0.42
Object4445,Instance1,971,-27,150,0.76,Instance2,971,-46,150,0.24
Object4446,Instance1,743,-10,80,0.0,Instance2,743,-5,80,1.0
Object4447,Instance1,879,-26,30,0.99,Instance2,879,-34,30,0.01
Object4448,Instance1,985,-19,120,0.6,Instance2,985,-5,120,0.4
Object4449,Instance1,146,-19,10,0.25,Instance2,146,-3,10,0.75
Object4450,Instance1,606,-25,160,0.03,Instance2,606,-17,160,0.97
Object4451,Instance1,919,-3,170,0.59,Instance2,919,-20,170,0.41
Object4452,Instance1,609,-21,200,0.26,Instance2,609,-50,200,0.74
Object4453,Instance1,979,-22,150,0.15,Instance2,979,-14,150,0.85
Object4454,Instance1,23,-2,90,0.09,Instance2,23,-15,90,0.91
Object4455,Instance1,994,-38,10,0.12,Instance2,994,-9,10,0.88
Object4456,Instance1,183,-23,180,0.54,Instance2,183,-29,180,0.46
Object4457,Instance1,125,-42,130,0.67,Instance2,125,-3,130,0.33
Object4458,Instance1,144,-13,180,0.95,Instance2,144,-8,180,0.05
Object4459,Instance1,73,-37,200,0.69,Instance2,73,-43,200,0.31
Object4460,Instance1,721,-50,100,0.69,Instance2,721,-36,100,0.31
Object4461,Instance1,259,-9,70,0.32,Instance2,259,-21,70,0.68
Object4462,Instance1,746,-49,80,0.35,Instance2,746,-9,80,0.65
Object4463,Instance1,350,-31,60,0.07,Instance2,350,-41,60,0.93
Object4464,Instance1,27,-19,140,0.33,Instance2,27,-47,140,0.67
Object4465,Instance1,752,-49,10,0.12,Instance2,752,-31,10,0.88
Object4466,Instance1,639,-3,20,0.48,Instance2,639,-49,20,0.52
Object4467,Instance1,918,-4,120,0.39,Instance2,918,-37,120,0.61
Object4468,Instance1,443,-43,90,0.12,Instance2,443,-40,90,0.88
Object4469,Instance1,718,-44,10,0.78,Instance2,718,-36,10,0.22
Object4470,Instance1,332,-8,110,0.2,Instance2,332,-17,110,0.8
Object4471,Instance1,529,-11,200,0.77,Instance2,529,-42,200,0.23
Object4472,Instance1,117,-35,40,0.38,Instance2,117,-14,40,0.62
Object4473,Instance1,616,-10,110,0.22,Instance2,616,-35,110,0.78
Object4474,Instance1,164,-3,160,0.69,Instance2,164,-32,160,0.31
Object4475,Instance1,559,-13,80,0.08,Instance2,559,-28,80,0.92
Object4476,Instance1,255,-21,20,0.41,Instance2,255,-30,20,0.59
Object4477,Instance1,469,-15,50,0.65,Instance2,469,-35,50,0.35
Object4478,Instance1,78,-13,100,0.33,Instance2,78,-43,100,0.67
Object4479,Instance1,771,-35,150,0.55,Instance2,771,-44,150,0.45
Object4480,Instance1,872,-6,20,0.74,Instance2,872,-27,20,0.26
Object4481,Instance1,894,-19,150,0.63,Instance2,894,-24,150,0.37
Object4482,Instance1,642,-22,130,0.92,Instance2,642,-6,130,0.08
Object4483,Instance1,712,-30,80,0.47,Instance2,712,-14,80,0.53
Object4484,Instance1,156,-35,20,0.07,Instance2,156,-48,20,0.93
Object4485,Instance1,531,-36,30,0.23,Instance2,531,-32,30,0.77
Object4486,Instance1,280,-47,20,0.33,Instance2,280,-31,20,0.67
Object4487,Instance1,629,-8,50,0.76,Instance2,629,-17,50,0.24
Object4488,Instance1,484,-17,100,0.51,Instance2,484,-31,100,0.49
Object4489,Instance1,289,-40,140,0.41,Instance2,289,-2,140,0.59
Object4490,Instance1,102,-10,170,0.37,Instance2,102,-38,170,0.63
Object4491,Instance1,573,-23,10,0.74,Instance2,573,-48,10,0.26
Object4492,Instance1,271,-35,100,0.21,Instance2,271,-44,100,0.79
Object4493,Instance1,275,-38,170,0.67,Instance2,275,-14,170,0.33
Object4494,Instance1,880,-50,140,0.78,Instance2,880,-16,140,0.22
Object4495,Instance1,282,-50,10,0.12,Instance2,282,-26,10,0.88
Object4496,Instance1,355,-3,150,0.79,Instance2,355,-5,150,0.21
Object4497,Instance1,64,-7,100,0.58,Instance2,64,-24,100,0.42
Object4498,Instance1,596,-39,190,0.17,Instance2,596,-30,190,0.83
Object4499,Instance1,967,-44,150,0.59,Instance2,967,-38,150,0.41
Object4500,Instance1,377,-45,40,0.64,Instance2,377,-45,40,0.36
Object4501,Instance1,479,-21,120,0.13,Instance2,479,-38,120,0.87
Object4502,Instance1,841,-26,50,0.03,Instance2,841,-47,50,0.97
Object4503,Instance1,649,-31,30,0.88,Instance2,649,-29,30,0.12
Object4504,Instance1,806,-2,80,0.12,Instance2,806,-7,80,0.88
Object4505,Instance1,950,-11,80,0.56,Instance2,950,-36,80,0.44
Object4506,Instance1,183,-10,50,0.28,Instance2,183,-6,50,0.72
Object4507,Instance1,295,-39,50,0.4,Instance2,295,-27,50,0.6
Object4508,Instance1,614,-47,50,0.95,Instance2,614,-13,50,0.05
Object4509,Instance1,828,-50,160,0.93,Instance2,828,-8,160,0.07
Object4510,Instance1,618,-29,40,0.59,Instance2,618,-35,40,0.41
Object4511,Instance1,795,-6,190,0.12,Instance2,795,-42,190,0.88
Object4512,Instance1,112,-41,160,0.6,Instance2,112,-13,160,0.4
Object4513,Instance1,534,-39,140,0.14,Instance2,534,-35,140,0.86
Object4514,Instance1,423,-12,190,0.96,Instance2,423,-10,190,0.04
Object4515,Instance1,275,-39,170,0.67,Instance2,275,-8,170,0.33
Object4516,Instance1,588,-36,200,0.93,Instance2,588,-12,200,0.07
Object4517,Instance1,868,-35,60,0.19,Instance2,868,-29,60,0.81
Object4518,Instance1,704,-13,160,0.44,Instance2,704,-37,160,0.56
Object4519,Instance1,935,-23,70,0.09,Instance2,935,-12,70,0.91
Object4520,Instance1,562,-29,60,0.55,Instance2,562,-18,60,0.45
Object4521,Instance1,797,-2,200,0.33,Instance2,797,-38,200,0.67
Object4522,Instance1,900,-36,170,0.9,Instance2,900,-35,170,0.1
Object4523,Instance1,615,-2,40,0.12,Instance2,615,-13,40,0.88
Object4524,Instance1,565,-12,70,0.04,Instance2,565,-11,70,0.96
Object4525,Instance1,79,-10,160,0.04,Instance2,79,-36,160,0.96
Object4526,Instance1,869,-36,100,0.41,Instance2,869,-44,100,0.59
Object4527,Instance1,339,-26,50,0.5,Instance2,339,-22,50,0.5
Object4528,Instance1,415,-48,140,0.47,Instance2,415,-5,140,0.53
Object4529,Instance1,483,-14,20,0.56,Instance2,483,-6,20,0.44
Object4530,Instance1,950,-22,120,0.84,Instance2,950,-47,120,0.16
Object4531,Instance1,372,-37,60,0.6,Instance2,372,-18,60,0.4
Object4532,Instance1,943,-18,10,0.62,Instance2,943,-13,10,0.38
Object4533,Instance1,869,-4,50,0.47,Instance2,869,-40,50,0.53
Object4534,Instance1,739,-8,170,0.82,Instance2,739,-22,170,0.18
Object4535,Instance1,310,-30,50,0.62,Instance2,310,-46,50,0.38
Object4536,Instance1,705,-25,100,0.91,Instance2,705,-9,100,0.09
Object4537,Instance1,903,-38,120,0.45,Instance2,903,-28,120,0.55
Object4538,Instance1,364,-20,140,0.32,Instance2,364,-25,140,0.68
Object4539,Instance1,246,-28,130,0.42,Instance2,246,-3,130,0.58
Object4540,Instance1,499,-19,40,0.01,Instance2,499,-27,40,0.99
Object4541,Instance1,812,-10,30,0.77,Instance2,812,-25,30,0.23
Object4542,Instance1,265,-18,90,0.68,Instance2,265,-41,90,0.32
Object4543,Instance1,703,-3,160,0.83,Instance2,703,-34,160,0.17
Object4544,Instance1,196,-31,150,0.31,Instance2,196,-9,150,0.69
Object4545,Instance1,507,-5,160,0.41,Instance2,507,-36,160,0.59
Object4546,Instance1,429,-17,130,0.38,Instance2,429,-4,130,0.62
Object4547,Instance1,665,-43,200,0.09,Instance2,665,-43,200,0.91
Object4548,Instance1,309,-47,70,0.75,Instance2,309,-45,70,0.25
Object4549,Instance1,375,-32,30,0.14,Instance2,375,-35,30,0.86
Object4550,Instance1,363,-1,40,0.54,Instance2,363,-50,40,0.46
Object4551,Instance1,492,-14,10,0.66,Instance2,492,-23,10,0.34
Object4552,Instance1,917,-31,160,0.28,Instance2,917,-15,160,0.72
Object4553,Instance1,956,-4,100,0.65,Instance2,956,-9,100,0.35
Object4554,Instance1,641,-35,90,0.99,Instance2,641,-17,90,0.01
Object4555,Instance1,762,-32,170,0.72,Instance2,762,-38,170,0.28
Object4556,Instance1,469,-17,40,0.39,Instance2,469,-39,40,0.61
Object4557,Instance1,63,-22,110,0.63,Instance2,63,-18,110,0.37
Object4558,Instance1,984,-44,80,0.81,Instance2,984,-17,80,0.19
Object4559,Instance1,761,-11,110,0.6,Instance2,761,-10,110,0.4
Object4560,Instance1,988,-35,150,0.93,Instance2,988,-22,150,0.07
Object4561,Instance1,297,-5,100,0.02,Instance2,297,-39,100,0.98
Object4562,Instance1,455,-47,30,0.36,Instance2,455,-23,30,0.64
Object4563,Instance1,114,-24,40,0.01,Instance2,114,-12,40,0.99
Object4564,Instance1,737,-18,70,0.63,Instance2,737,-47,70,0.37
Object4565,Instance1,94,-9,180,0.03,Instance2,94,-26,180,0.97
Object4566,Instance1,323,-8,90,0.32,Instance2,323,-35,90,0.68
Object4567,Instance1,790,-36,50,0.66,Instance2,790,-47,50,0.34
Object4568,Instance1,235,-7,70,0.75,Instance2,235,-12,70,0.25
Object4569,Instance1,52,-40,80,0.82,Instance2,52,-9,80,0.18
Object4570,Instance1,885,-17,120,0.14,Instance2,885,-27,120,0.86
Object4571,Instance1,284,-50,10,0.22,Instance2,284,-6,10,0.78
Object4572,Instance1,421,-28,70,0.32,Instance2,421,-44,70,0.68
Object4573,Instance1,563,-26,200,0.51,Instance2,563,-39,200,0.49
Object4574,Instance1,314,-43,70,0.83,Instance2,314,-26,70,0.17
Object4575,Instance1,515,-39,90,0.08,Instance2,515,-16,90,0.92
Object4576,Instance1,421,-24,180,0.82,Instance2,421,-11,180,0.18
Object4577,Instance1,542,-41,50,0.67,Instance2,542,-14,50,0.33
Object4578,Instance1,635,-9,50,0.14,Instance2,635,-46,50,0.86
Object4579,Instance1,988,-45,200,0.15,Instance2,988,-44,200,0.85
Object4580,Instance1,927,-15,120,0.7,Instance2,927,-14,120,0.3
Object4581,Instance1,520,-17,150,0.34,Instance2,520,-46,150,0.66
Object4582,Instance1,26,-23,160,0.41,Instance2,26,-17,160,0.59
Object4583,Instance1,140,-34,200,0.84,Instance2,140,-25,200,0.16
Object4584,Instance1,240,-41,50,0.85,Instance2,240,-44,50,0.15
Object4585,Instance1,424,-39,110,0.32,Instance2,424,-7,110,0.68
Object4586,Instance1,384,-17,120,0.01,Instance2,384,-29,120,0.99
Object4587,Instance1,192,-6,30,0.82,Instance2,192,-48,30,0.18
Object4588,Instance1,513,-30,10,0.07,Instance2,513,-19,10,0.93
Object4589,Instance1,787,-48,180,0.08,Instance2,787,-13,180,0.92
Object4590,Instance1,793,-41,10,0.36,Instance2,793,-11,10,0.64
Object4591,Instance1,539,-1,100,0.58,Instance2,539,-32,100,0.42
Object4592,Instance1,817,-35,200,0.88,Instance2,817,-46,200,0.12
Object4593,Instance1,168,-33,160,0.39,Instance2,168,-36,160,0.61
Object4594,Instance1,174,-13,160,0.79,Instance2,174,-8,160,0.21
Object4595,Instance1,238,-41,90,0.76,Instance2,238,-10,90,0.24
Object4596,Instance1,169,-37,10,0.16,Instance2,169,-28,10,0.84
Object4597,Instance1,188,-40,130,0.46,Instance2,188,-38,130,0.54
Object4598,Instance1,11,-24,170,0.99,Instance2,11,-2,170,0.01
Object4599,Instance1,670,-19,200,0.14,Instance2,670,-37,200,0.86
Object4600,Instance1,111,-11,20,0.6,Instance2,111,-27,20,0.4
Object4601,Instance1,431,-2,180,0.09,Instance2,431,-6,180,0.91
Object4602,Instance1,863,-15,70,0.34,Instance2,863,-45,70,0.66
Object4603,Instance1,292,-50,150,0.95,Instance2,292,-8,150,0.05
Object4604,Instance1,12,-6,200,0.97,Instance2,12,-4,200,0.03
Object4605,Instance1,61,-10,120,0.42,Instance2,61,-5,120,0.58
Object4606,Instance1,231,-43,80,0.4,Instance2,231,-12,80,0.6
Object4607,Instance1,346,-50,30,0.81,Instance2,346,-7,30,0.19
Object4608,Instance1,948,-22,50,0.96,Instance2,948,-9,50,0.04
Object4609,Instance1,363,-27,180,0.79,Instance2,363,-17,180,0.21
Object4610,Instance1,457,-44,100,0.6,Instance2,457,-30,100,0.4
Object4611,Instance1,944,-49,180,0.81,Instance2,944,-9,180,0.19
Object4612,Instance1,215,-6,90,0.24,Instance2,215,-50,90,0.76
Object4613,Instance1,911,-46,110,0.39,Instance2,911,-21,110,0.61
Object4614,Instance1,975,-17,50,0.01,Instance2,975,-31,50,0.99
Object4615,Instance1,645,-10,40,0.69,Instance2,645,-41,40,0.31
Object4616,Instance1,476,-5,40,0.15,Instance2,476,-14,40,0.85
Object4617,Instance1,91,-34,190,0.16,Instance2,91,-39,190,0.84
Object4618,Instance1,677,-39,120,0.32,Instance2,677,-33,120,0.68
Object4619,Instance1,779,-45,160,0.76,Instance2,779,-42,160,0.24
Object4620,Instance1,662,-4,190,0.13,Instance2,662,-33,190,0.87
Object4621,Instance1,752,-39,180,0.31,Instance2,752,-29,180,0.69
Object4622,Instance1,321,-38,200,0.12,Instance2,321,-24,200,0.88
Object4623,Instance1,419,-48,100,0.87,Instance2,419,-10,100,0.13
Object4624,Instance1,773,-50,190,0.65,Instance2,773,-44,190,0.35
Object4625,Instance1,864,-19,20,0.8,Instance2,864,-42,20,0.2
Object4626,Instance1,708,-35,160,0.64,Instance2,708,-5,160,0.36
Object4627,Instance1,53,-21,10,0.89,Instance2,53,-27,10,0.11
Object4628,Instance1,731,-39,180,0.42,Instance2,731,-10,180,0.58
Object4629,Instance1,430,-10,90,0.5,Instance2,430,-44,90,0.5
Object4630,Instance1,557,-18,130,0.96,Instance2,557,-13,130,0.04
Object4631,Instance1,517,-19,80,0.24,Instance2,517,-1,80,0.76
Object4632,Instance1,162,-2,160,0.45,Instance2,162,-2,160,0.55
Object4633,Instance1,152,-29,140,0.96,Instance2,152,-15,140,0.04
Object4634,Instance1,606,-34,120,0.63,Instance2,606,-6,120,0.37
Object4635,Instance1,380,-46,90,0.65,Instance2,380,-48,90,0.35
Object4636,Instance1,518,-6,100,0.52,Instance2,518,-12,100,0.48
Object4637,Instance1,702,-35,170,0.01,Instance2,702,-44,170,0.99
Object4638,Instance1,934,-42,70,1.0,Instance2,934,-27,70,0.0
Object4639,Instance1,118,-39,30,0.25,Instance2,118,-7,30,0.75
Object4640,Instance1,632,-24,60,0.14,Instance2,632,-19,60,0.86
Object4641,Instance1,202,-20,50,0.89,Instance2,202,-49,50,0.11
Object4642,Instance1,172,-48,20,0.4,Instance2,172,-14,20,0.6
Object4643,Instance1,109,-7,60,0.59,Instance2,109,-48,60,0.41
Object4644,Instance1,176,-24,140,0.0,Instance2,176,-35,140,1.0
Object4645,Instance1,399,-16,100,0.44,Instance2,399,-27,100,0.56
Object4646,Instance1,471,-19,60,0.06,Instance2,471,-5,60,0.94
Object4647,Instance1,414,-31,140,0.17,Instance2,414,-27,140,0.83
Object4648,Instance1,236,-1,190,0.61,Instance2,236,-18,190,0.39
Object4649,Instance1,384,-14,190,0.17,Instance2,384,-27,190,0.83
Object4650,Instance1,226,-14,70,0.52,Instance2,226,-34,70,0.48
Object4651,Instance1,704,-30,150,0.66,Instance2,704,-36,150,0.34
Object4652,Instance1,32,-40,160,0.3,Instance2,32,-35,160,0.7
Object4653,Instance1,790,-32,110,0.87,Instance2,790,-2,110,0.13
Object4654,Instance1,652,-2,160,0.74,Instance2,652,-26,160,0.26
Object4655,Instance1,662,-34,100,0.25,Instance2,662,-33,100,0.75
Object4656,Instance1,134,-6,60,0.74,Instance2,134,-37,60,0.26
Object4657,Instance1,712,-9,30,0.38,Instance2,712,-45,30,0.62
Object4658,Instance1,353,-31,60,0.98,Instance2,353,-50,60,0.02
Object4659,Instance1,982,-5,60,0.09,Instance2,982,-1,60,0.91
Object4660,Instance1,352,-36,180,0.47,Instance2,352,-10,180,0.53
Object4661,Instance1,974,-22,30,0.51,Instance2,974,-30,30,0.49
Object4662,Instance1,861,-45,150,0.63,Instance2,861,-40,150,0.37
Object4663,Instance1,623,-50,50,0.6,Instance2,623,-18,50,0.4
Object4664,Instance1,301,-21,170,0.12,Instance2,301,-35,170,0.88
Object4665,Instance1,903,-8,40,0.34,Instance2,903,-1,40,0.66
Object4666,Instance1,144,-39,150,0.04,Instance2,144,-33,150,0.96
Object4667,Instance1,207,-7,110,0.5,Instance2,207,-18,110,0.5
Object4668,Instance1,121,-29,150,0.34,Instance2,121,-5,150,0.66
Object4669,Instance1,313,-38,100,0.35,Instance2,313,-10,100,0.65
Object4670,Instance1,741,-47,10,0.59,Instance2,741,-41,10,0.41
Object4671,Instance1,594,-19,80,0.15,Instance2,594,-10,80,0.85
Object4672,Instance1,266,-4,40,0.02,Instance2,266,-13,40,0.98
Object4673,Instance1,339,-21,160,0.31,Instance2,339,-15,160,0.69
Object4674,Instance1,466,-40,130,0.16,Instance2,466,-25,130,0.84
Object4675,Instance1,884,-10,60,0.97,Instance2,884,-40,60,0.03
Object4676,Instance1,612,-18,60,0.55,Instance2,612,-1,60,0.45
Object4677,Instance1,424,-20,40,0.78,Instance2,424,-29,40,0.22
Object4678,Instance1,113,-13,170,0.5,Instance2,113,-42,170,0.5
Object4679,Instance1,997,-22,10,0.36,Instance2,997,-3,10,0.64
Object4680,Instance1,86,-26,60,0.17,Instance2,86,-12,60,0.83
Object4681,Instance1,105,-23,100,0.43,Instance2,105,-16,100,0.57
Object4682,Instance1,691,-41,110,0.87,Instance2,691,-24,110,0.13
Object4683,Instance1,412,-41,20,0.35,Instance2,412,-49,20,0.65
Object4684,Instance1,818,-42,50,0.17,Instance2,818,-13,50,0.83
Object4685,Instance1,238,-15,190,0.52,Instance2,238,-18,190,0.48
Object4686,Instance1,165,-10,120,0.45,Instance2,165,-12,120,0.55
Object4687,Instance1,177,-15,150,0.68,Instance2,177,-6,150,0.32
Object4688,Instance1,57,-14,80,0.78,Instance2,57,-28,80,0.22
Object4689,Instance1,722,-18,190,0.31,Instance2,722,-38,190,0.69
Object4690,Instance1,187,-7,100,0.17,Instance2,187,-7,100,0.83
Object4691,Instance1,280,-48,40,0.57,Instance2,280,-50,40,0.43
Object4692,Instance1,364,-34,170,0.55,Instance2,364,-13,170,0.45
Object4693,Instance1,656,-3,80,0.33,Instance2,656,-40,80,0.67
Object4694,Instance1,241,-16,30,0.1,Instance2,241,-14,30,0.9
Object4695,Instance1,886,-47,80,0.23,Instance2,886,-9,80,0.77
Object4696,Instance1,118,-9,120,0.0,Instance2,118,-46,120,1.0
Object4697,Instance1,469,-8,30,0.52,Instance2,469,-43,30,0.48
Object4698,Instance1,903,-34,190,0.79,Instance2,903,-40,190,0.21
Object4699,Instance1,327,-7,30,0.1,Instance2,327,-3,30,0.9
Object4700,Instance1,507,-10,130,0.35,Instance2,507,-18,130,0.65
Object4701,Instance1,750,-33,200,0.84,Instance2,750,-34,200,0.16
Object4702,Instance1,278,-25,180,0.77,Instance2,278,-29,180,0.23
Object4703,Instance1,829,-48,50,0.5,Instance2,829,-46,50,0.5
Object4704,Instance1,763,-45,160,0.9,Instance2,763,-50,160,0.1
Object4705,Instance1,227,-20,190,0.85,Instance2,227,-36,190,0.15
Object4706,Instance1,711,-33,170,0.73,Instance2,711,-50,170,0.27
Object4707,Instance1,702,-27,90,0.27,Instance2,702,-22,90,0.73
Object4708,Instance1,401,-24,150,0.22,Instance2,401,-6,150,0.78
Object4709,Instance1,160,-49,160,0.74,Instance2,160,-49,160,0.26
Object4710,Instance1,451,-9,90,0.87,Instance2,451,-16,90,0.13
Object4711,Instance1,143,-13,150,0.84,Instance2,143,-14,150,0.16
Object4712,Instance1,661,-9,140,0.96,Instance2,661,-31,140,0.04
Object4713,Instance1,511,-24,80,0.25,Instance2,511,-14,80,0.75
Object4714,Instance1,723,-28,130,0.32,Instance2,723,-44,130,0.68
Object4715,Instance1,2,-7,110,0.11,Instance2,2,-44,110,0.89
Object4716,Instance1,37,-1,170,0.55,Instance2,37,-38,170,0.45
Object4717,Instance1,671,-23,180,0.99,Instance2,671,-3,180,0.01
Object4718,Instance1,159,-39,200,0.29,Instance2,159,-17,200,0.71
Object4719,Instance1,351,-36,190,0.61,Instance2,351,-44,190,0.39
Object4720,Instance1,973,-16,120,0.89,Instance2,973,-15,120,0.11
Object4721,Instance1,842,-14,80,0.15,Instance2,842,-8,80,0.85
Object4722,Instance1,684,-49,110,0.15,Instance2,684,-19,110,0.85
Object4723,Instance1,769,-29,20,0.49,Instance2,769,-37,20,0.51
Object4724,Instance1,57,-36,200,0.71,Instance2,57,-30,200,0.29
Object4725,Instance1,819,-23,60,0.61,Instance2,819,-21,60,0.39
Object4726,Instance1,892,-26,50,0.59,Instance2,892,-43,50,0.41
Object4727,Instance1,792,-47,130,0.34,Instance2,792,-49,130,0.66
Object4728,Instance1,469,-43,150,0.7,Instance2,469,-37,150,0.3
Object4729,Instance1,515,-1,130,0.3,Instance2,515,-26,130,0.7
Object4730,Instance1,829,-5,50,0.36,Instance2,829,-7,50,0.64
Object4731,Instance1,119,-46,180,0.56,Instance2,119,-34,180,0.44
Object4732,Instance1,230,-17,30,0.26,Instance2,230,-40,30,0.74
Object4733,Instance1,964,-7,80,0.24,Instance2,964,-45,80,0.76
Object4734,Instance1,886,-32,170,0.32,Instance2,886,-25,170,0.68
Object4735,Instance1,354,-11,150,0.21,Instance2,354,-9,150,0.79
Object4736,Instance1,393,-20,110,0.3,Instance2,393,-18,110,0.7
Object4737,Instance1,659,-37,170,0.46,Instance2,659,-48,170,0.54
Object4738,Instance1,223,-26,170,0.26,Instance2,223,-40,170,0.74
Object4739,Instance1,640,-37,140,0.41,Instance2,640,-20,140,0.59
Object4740,Instance1,82,-30,200,0.58,Instance2,82,-18,200,0.42
Object4741,Instance1,864,-46,190,0.35,Instance2,864,-29,190,0.65
Object4742,Instance1,46,-22,180,0.56,Instance2,46,-12,180,0.44
Object4743,Instance1,535,-16,50,0.05,Instance2,535,-38,50,0.95
Object4744,Instance1,503,-26,60,0.47,Instance2,503,-43,60,0.53
Object4745,Instance1,207,-49,140,0.49,Instance2,207,-39,140,0.51
Object4746,Instance1,938,-39,110,0.38,Instance2,938,-6,110,0.62
Object4747,Instance1,932,-5,190,0.86,Instance2,932,-33,190,0.14
Object4748,Instance1,702,-48,100,0.75,Instance2,702,-26,100,0.25
Object4749,Instance1,289,-28,10,0.24,Instance2,289,-44,10,0.76
Object4750,Instance1,617,-32,20,0.96,Instance2,617,-19,20,0.04
Object4751,Instance1,61,-23,30,0.4,Instance2,61,-11,30,0.6
Object4752,Instance1,160,-43,70,0.64,Instance2,160,-19,70,0.36
Object4753,Instance1,256,-42,110,0.96,Instance2,256,-49,110,0.04
Object4754,Instance1,812,-27,90,0.07,Instance2,812,-28,90,0.93
Object4755,Instance1,116,-13,60,0.18,Instance2,116,-21,60,0.82
Object4756,Instance1,637,-13,30,0.33,Instance2,637,-43,30,0.67
Object4757,Instance1,888,-43,140,0.78,Instance2,888,-36,140,0.22
Object4758,Instance1,210,-2,120,0.93,Instance2,210,-7,120,0.07
Object4759,Instance1,322,-43,100,0.89,Instance2,322,-6,100,0.11
Object4760,Instance1,787,-6,60,0.09,Instance2,787,-27,60,0.91
Object4761,Instance1,374,-28,30,0.38,Instance2,374,-29,30,0.62
Object4762,Instance1,308,-28,200,0.99,Instance2,308,-24,200,0.01
Object4763,Instance1,657,-21,200,0.41,Instance2,657,-44,200,0.59
Object4764,Instance1,848,-24,180,0.56,Instance2,848,-29,180,0.44
Object4765,Instance1,852,-17,180,0.98,Instance2,852,-40,180,0.02
Object4766,Instance1,136,-21,140,0.73,Instance2,136,-35,140,0.27
Object4767,Instance1,768,-5,40,0.71,Instance2,768,-26,40,0.29
Object4768,Instance1,458,-42,130,0.39,Instance2,458,-22,130,0.61
Object4769,Instance1,542,-48,200,0.3,Instance2,542,-37,200,0.7
Object4770,Instance1,250,-23,110,0.65,Instance2,250,-45,110,0.35
Object4771,Instance1,649,-12,90,0.27,Instance2,649,-25,90,0.73
Object4772,Instance1,871,-24,10,0.46,Instance2,871,-49,10,0.54
Object4773,Instance1,194,-25,170,0.43,Instance2,194,-35,170,0.57
Object4774,Instance1,225,-9,30,0.71,Instance2,225,-16,30,0.29
Object4775,Instance1,797,-34,200,0.6,Instance2,797,-33,200,0.4
Object4776,Instance1,315,-26,10,0.6,Instance2,315,-41,10,0.4
Object4777,Instance1,455,-42,110,0.2,Instance2,455,-34,110,0.8
Object4778,Instance1,982,-8,130,0.42,Instance2,982,-44,130,0.58
Object4779,Instance1,846,-13,40,0.3,Instance2,846,-42,40,0.7
Object4780,Instance1,538,-38,170,0.81,Instance2,538,-47,170,0.19
Object4781,Instance1,754,-39,20,0.89,Instance2,754,-37,20,0.11
Object4782,Instance1,523,-22,80,0.28,Instance2,523,-17,80,0.72
Object4783,Instance1,856,-48,120,0.6,Instance2,856,-20,120,0.4
Object4784,Instance1,187,-30,40,0.14,Instance2,187,-33,40,0.86
Object4785,Instance1,624,-35,110,0.43,Instance2,624,-28,110,0.57
Object4786,Instance1,737,-18,60,0.49,Instance2,737,-43,60,0.51
Object4787,Instance1,297,-45,110,0.06,Instance2,297,-25,110,0.94
Object4788,Instance1,216,-49,10,0.8,Instance2,216,-46,10,0.2
Object4789,Instance1,784,-29,40,0.91,Instance2,784,-1,40,0.09
Object4790,Instance1,896,-26,20,0.26,Instance2,896,-6,20,0.74
Object4791,Instance1,205,-9,200,0.58,Instance2,205,-42,200,0.42
Object4792,Instance1,111,-14,50,0.11,Instance2,111,-26,50,0.89
Object4793,Instance1,462,-14,90,0.47,Instance2,462,-1,90,0.53
Object4794,Instance1,671,-3,170,0.39,Instance2,671,-41,170,0.61
Object4795,Instance1,366,-49,60,0.94,Instance2,366,-30,60,0.06
Object4796,Instance1,525,-1,200,0.01,Instance2,525,-7,200,0.99
Object4797,Instance1,547,-13,90,0.32,Instance2,547,-35,90,0.68
Object4798,Instance1,75,-33,30,0.64,Instance2,75,-30,30,0.36
Object4799,Instance1,555,-7,140,0.6,Instance2,555,-27,140,0.4
Object4800,Instance1,316,-1,170,0.35,Instance2,316,-18,170,0.65
Object4801,Instance1,509,-25,150,0.63,Instance2,509,-47,150,0.37
Object4802,Instance1,442,-13,60,0.12,Instance2,442,-1,60,0.88
Object4803,Instance1,982,-17,190,0.9,Instance2,982,-11,190,0.1
Object4804,Instance1,246,-10,40,0.33,Instance2,246,-24,40,0.67
Object4805,Instance1,99,-25,140,0.85,Instance2,99,-26,140,0.15
Object4806,Instance1,550,-38,40,0.07,Instance2,550,-17,40,0.93
Object4807,Instance1,729,-20,50,0.02,Instance2,729,-18,50,0.98
Object4808,Instance1,412,-20,70,0.82,Instance2,412,-23,70,0.18
Object4809,Instance1,607,-23,180,0.57,Instance2,607,-6,180,0.43
Object4810,Instance1,503,-1,80,0.05,Instance2,503,-38,80,0.95
Object4811,Instance1,679,-14,10,0.37,Instance2,679,-49,10,0.63
Object4812,Instance1,5,-2,90,0.13,Instance2,5,-37,90,0.87
Object4813,Instance1,556,-43,40,0.31,Instance2,556,-6,40,0.69
Object4814,Instance1,263,-39,160,0.86,Instance2,263,-46,160,0.14
Object4815,Instance1,792,-23,90,0.74,Instance2,792,-28,90,0.26
Object4816,Instance1,233,-31,190,0.67,Instance2,233,-44,190,0.33
Object4817,Instance1,556,-19,120,0.95,Instance2,556,-46,120,0.05
Object4818,Instance1,550,-43,60,0.81,Instance2,550,-40,60,0.19
Object4819,Instance1,514,-27,50,0.84,Instance2,514,-30,50,0.16
Object4820,Instance1,949,-47,50,0.66,Instance2,949,-43,50,0.34
Object4821,Instance1,263,-31,190,0.25,Instance2,263,-15,190,0.75
Object4822,Instance1,880,-19,80,0.25,Instance2,880,-7,80,0.75
Object4823,Instance1,163,-16,30,0.32,Instance2,163,-30,30,0.68
Object4824,Instance1,233,-21,70,0.99,Instance2,233,-6,70,0.01
Object4825,Instance1,740,-28,60,0.05,Instance2,740,-30,60,0.95
Object4826,Instance1,676,-11,20,0.43,Instance2,676,-38,20,0.57
Object4827,Instance1,682,-19,180,0.24,Instance2,682,-45,180,0.76
Object4828,Instance1,200,-3,20,0.1,Instance2,200,-16,20,0.9
Object4829,Instance1,733,-35,100,0.24,Instance2,733,-50,100,0.76
Object4830,Instance1,286,-30,60,0.2,Instance2,286,-27,60,0.8
Object4831,Instance1,988,-33,30,0.72,Instance2,988,-3,30,0.28
Object4832,Instance1,679,-20,180,0.67,Instance2,679,-38,180,0.33
Object4833,Instance1,435,-35,20,0.86,Instance2,435,-2,20,0.14
Object4834,Instance1,33,-16,200,0.64,Instance2,33,-12,200,0.36
Object4835,Instance1,72,-5,150,0.89,Instance2,72,-41,150,0.11
Object4836,Instance1,272,-26,130,0.06,Instance2,272,-36,130,0.94
Object4837,Instance1,570,-11,120,0.8,Instance2,570,-34,120,0.2
Object4838,Instance1,738,-11,160,0.22,Instance2,738,-11,160,0.78
Object4839,Instance1,831,-42,80,0.11,Instance2,831,-37,80,0.89
Object4840,Instance1,176,-43,80,0.93,Instance2,176,-5,80,0.07
Object4841,Instance1,639,-11,140,0.74,Instance2,639,-35,140,0.26
Object4842,Instance1,319,-12,140,0.2,Instance2,319,-17,140,0.8
Object4843,Instance1,137,-40,160,0.95,Instance2,137,-31,160,0.05
Object4844,Instance1,850,-47,50,0.08,Instance2,850,-41,50,0.92
Object4845,Instance1,941,-7,20,0.19,Instance2,941,-31,20,0.81
Object4846,Instance1,235,-7,130,0.29,Instance2,235,-21,130,0.71
Object4847,Instance1,91,-35,170,0.44,Instance2,91,-33,170,0.56
Object4848,Instance1,236,-32,50,0.65,Instance2,236,-25,50,0.35
Object4849,Instance1,838,-39,150,0.28,Instance2,838,-46,150,0.72
Object4850,Instance1,223,-18,100,0.33,Instance2,223,-16,100,0.67
Object4851,Instance1,150,-41,200,0.18,Instance2,150,-50,200,0.82
Object4852,Instance1,15,-9,30,0.93,Instance2,15,-19,30,0.07
Object4853,Instance1,613,-49,100,0.7,Instance2,613,-3,100,0.3
Object4854,Instance1,116,-4,10,0.84,Instance2,116,-3,10,0.16
Object4855,Instance1,139,-4,20,0.77,Instance2,139,-36,20,0.23
Object4856,Instance1,133,-45,180,0.57,Instance2,133,-40,180,0.43
Object4857,Instance1,116,-30,180,0.42,Instance2,116,-43,180,0.58
Object4858,Instance1,727,-15,150,0.77,Instance2,727,-48,150,0.23
Object4859,Instance1,99,-17,30,0.44,Instance2,99,-45,30,0.56
Object4860,Instance1,711,-22,140,0.87,Instance2,711,-34,140,0.13
Object4861,Instance1,711,-17,150,0.67,Instance2,711,-10,150,0.33
Object4862,Instance1,480,-17,70,0.16,Instance2,480,-33,70,0.84
Object4863,Instance1,185,-4,40,0.05,Instance2,185,-33,40,0.95
Object4864,Instance1,957,-44,130,0.58,Instance2,957,-33,130,0.42
Object4865,Instance1,311,-33,150,0.22,Instance2,311,-47,150,0.78
Object4866,Instance1,619,-23,180,0.22,Instance2,619,-46,180,0.78
Object4867,Instance1,537,-44,200,0.58,Instance2,537,-36,200,0.42
Object4868,Instance1,329,-10,80,0.34,Instance2,329,-46,80,0.66
Object4869,Instance1,270,-6,200,0.64,Instance2,270,-11,200,0.36
Object4870,Instance1,187,-2,130,0.12,Instance2,187,-11,130,0.88
Object4871,Instance1,823,-5,130,0.77,Instance2,823,-45,130,0.23
Object4872,Instance1,883,-5,130,0.02,Instance2,883,-48,130,0.98
Object4873,Instance1,150,-47,80,0.71,Instance2,150,-41,80,0.29
Object4874,Instance1,663,-32,190,0.35,Instance2,663,-15,190,0.65
Object4875,Instance1,922,-28,40,0.1,Instance2,922,-10,40,0.9
Object4876,Instance1,460,-25,10,0.37,Instance2,460,-42,10,0.63
Object4877,Instance1,637,-50,170,0.83,Instance2,637,-24,170,0.17
Object4878,Instance1,561,-50,130,0.97,Instance2,561,-36,130,0.03
Object4879,Instance1,715,-46,110,0.39,Instance2,715,-12,110,0.61
Object4880,Instance1,473,-22,60,0.33,Instance2,473,-38,60,0.67
Object4881,Instance1,1000,-47,150,0.4,Instance2,1000,-33,150,0.6
Object4882,Instance1,763,-2,200,0.27,Instance2,763,-22,200,0.73
Object4883,Instance1,258,-10,70,0.77,Instance2,258,-41,70,0.23
Object4884,Instance1,486,-38,30,0.91,Instance2,486,-33,30,0.09
Object4885,Instance1,137,-14,60,0.03,Instance2,137,-34,60,0.97
Object4886,Instance1,264,-18,160,0.5,Instance2,264,-13,160,0.5
Object4887,Instance1,638,-2,140,0.9,Instance2,638,-43,140,0.1
Object4888,Instance1,407,-11,10,0.84,Instance2,407,-25,10,0.16
Object4889,Instance1,824,-7,110,0.87,Instance2,824,-8,110,0.13
Object4890,Instance1,275,-44,130,0.47,Instance2,275,-5,130,0.53
Object4891,Instance1,432,-45,180,0.41,Instance2,432,-26,180,0.59
Object4892,Instance1,244,-5,110,0.41,Instance2,244,-30,110,0.59
Object4893,Instance1,442,-16,30,0.37,Instance2,442,-20,30,0.63
Object4894,Instance1,152,-48,200,0.1,Instance2,152,-45,200,0.9
Object4895,Instance1,478,-46,10,0.39,Instance2,478,-38,10,0.61
Object4896,Instance1,638,-37,120,0.06,Instance2,638,-12,120,0.94
Object4897,Instance1,573,-42,20,0.61,Instance2,573,-50,20,0.39
Object4898,Instance1,494,-49,180,0.5,Instance2,494,-41,180,0.5
Object4899,Instance1,691,-22,170,0.77,Instance2,691,-38,170,0.23
Object4900,Instance1,117,-1,200,0.65,Instance2,117,-9,200,0.35
Object4901,Instance1,352,-8,60,0.64,Instance2,352,-48,60,0.36
Object4902,Instance1,445,-40,150,0.02,Instance2,445,-23,150,0.98
Object4903,Instance1,505,-40,70,0.14,Instance2,505,-9,70,0.86
Object4904,Instance1,53,-19,100,0.88,Instance2,53,-15,100,0.12
Object4905,Instance1,4,-30,200,0.3,Instance2,4,-38,200,0.7
Object4906,Instance1,273,-44,150,0.64,Instance2,273,-38,150,0.36
Object4907,Instance1,971,-9,90,0.54,Instance2,971,-39,90,0.46
Object4908,Instance1,713,-17,130,0.87,Instance2,713,-4,130,0.13
Object4909,Instance1,638,-31,110,0.12,Instance2,638,-37,110,0.88
Object4910,Instance1,735,-27,40,0.12,Instance2,735,-41,40,0.88
Object4911,Instance1,914,-24,50,0.98,Instance2,914,-25,50,0.02
Object4912,Instance1,465,-6,140,0.39,Instance2,465,-2,140,0.61
Object4913,Instance1,883,-46,100,0.82,Instance2,883,-38,100,0.18
Object4914,Instance1,194,-8,180,0.9,Instance2,194,-7,180,0.1
Object4915,Instance1,761,-43,20,0.8,Instance2,761,-40,20,0.2
Object4916,Instance1,240,-26,170,0.21,Instance2,240,-26,170,0.79
Object4917,Instance1,88,-8,60,0.13,Instance2,88,-43,60,0.87
Object4918,Instance1,433,-31,40,0.32,Instance2,433,-18,40,0.68
Object4919,Instance1,245,-25,170,0.51,Instance2,245,-26,170,0.49
Object4920,Instance1,603,-38,90,0.12,Instance2,603,-13,90,0.88
Object4921,Instance1,899,-47,190,0.96,Instance2,899,-16,190,0.04
Object4922,Instance1,615,-44,140,0.34,Instance2,615,-3,140,0.66
Object4923,Instance1,154,-15,190,0.98,Instance2,154,-12,190,0.02
Object4924,Instance1,350,-28,160,0.64,Instance2,350,-24,160,0.36
Object4925,Instance1,251,-36,130,0.28,Instance2,251,-45,130,0.72
Object4926,Instance1,874,-10,170,0.19,Instance2,874,-25,170,0.81
Object4927,Instance1,829,-39,80,0.96,Instance2,829,-35,80,0.04
Object4928,Instance1,602,-43,80,0.21,Instance2,602,-39,80,0.79
Object4929,Instance1,422,-23,60,0.4,Instance2,422,-1,60,0.6
Object4930,Instance1,446,-48,90,0.63,Instance2,446,-48,90,0.37
Object4931,Instance1,428,-26,10,0.59,Instance2,428,-21,10,0.41
Object4932,Instance1,109,-45,10,0.8,Instance2,109,-29,10,0.2
Object4933,Instance1,439,-18,120,0.0,Instance2,439,-17,120,1.0
Object4934,Instance1,164,-28,160,0.81,Instance2,164,-22,160,0.19
Object4935,Instance1,579,-40,30,0.58,Instance2,579,-24,30,0.42
Object4936,Instance1,473,-13,110,0.97,Instance2,473,-7,110,0.03
Object4937,Instance1,425,-36,50,0.59,Instance2,425,-33,50,0.41
Object4938,Instance1,908,-42,150,0.57,Instance2,908,-39,150,0.43
Object4939,Instance1,125,-24,80,0.83,Instance2,125,-14,80,0.17
Object4940,Instance1,89,-29,160,0.39,Instance2,89,-45,160,0.61
Object4941,Instance1,586,-15,40,0.21,Instance2,586,-38,40,0.79
Object4942,Instance1,731,-6,90,0.48,Instance2,731,-25,90,0.52
Object4943,Instance1,144,-8,30,0.88,Instance2,144,-2,30,0.12
Object4944,Instance1,455,-4,160,0.74,Instance2,455,-2,160,0.26
Object4945,Instance1,789,-42,40,0.47,Instance2,789,-13,40,0.53
Object4946,Instance1,416,-9,80,0.1,Instance2,416,-44,80,0.9
Object4947,Instance1,817,-26,40,0.91,Instance2,817,-46,40,0.09
Object4948,Instance1,711,-12,130,1.0,Instance2,711,-31,130,0.0
Object4949,Instance1,658,-9,50,0.81,Instance2,658,-20,50,0.19
Object4950,Instance1,761,-30,190,0.33,Instance2,761,-15,190,0.67
Object4951,Instance1,90,-3,140,0.03,Instance2,90,-47,140,0.97
Object4952,Instance1,340,-26,90,0.05,Instance2,340,-20,90,0.95
Object4953,Instance1,225,-35,10,0.1,Instance2,225,-28,10,0.9
Object4954,Instance1,538,-10,140,0.86,Instance2,538,-26,140,0.14
Object4955,Instance1,412,-21,50,0.65,Instance2,412,-48,50,0.35
Object4956,Instance1,533,-5,180,0.4,Instance2,533,-39,180,0.6
Object4957,Instance1,909,-23,80,0.23,Instance2,909,-21,80,0.77
Object4958,Instance1,310,-42,30,0.57,Instance2,310,-21,30,0.43
Object4959,Instance1,25,-36,80,0.11,Instance2,25,-43,80,0.89
Object4960,Instance1,314,-30,110,0.6,Instance2,314,-4,110,0.4
Object4961,Instance1,956,-35,20,0.11,Instance2,956,-17,20,0.89
Object4962,Instance1,82,-40,130,0.66,Instance2,82,-32,130,0.34
Object4963,Instance1,262,-21,120,0.06,Instance2,262,-7,120,0.94
Object4964,Instance1,880,-12,160,0.44,Instance2,880,-19,160,0.56
Object4965,Instance1,83,-24,100,0.93,Instance2,83,-47,100,0.07
Object4966,Instance1,545,-49,170,0.78,Instance2,545,-24,170,0.22
Object4967,Instance1,114,-15,140,0.44,Instance2,114,-46,140,0.56
Object4968,Instance1,413,-14,150,0.11,Instance2,413,-16,150,0.89
Object4969,Instance1,739,-2,110,0.15,Instance2,739,-17,110,0.85
Object4970,Instance1,437,-46,110,0.45,Instance2,437,-3,110,0.55
Object4971,Instance1,487,-31,130,0.56,Instance2,487,-12,130,0.44
Object4972,Instance1,373,-17,160,0.91,Instance2,373,-36,160,0.09
Object4973,Instance1,908,-29,50,0.79,Instance2,908,-35,50,0.21
Object4974,Instance1,226,-7,120,0.01,Instance2,226,-41,120,0.99
Object4975,Instance1,812,-22,30,0.22,Instance2,812,-24,30,0.78
Object4976,Instance1,443,-20,20,0.24,Instance2,443,-5,20,0.76
Object4977,Instance1,666,-22,50,0.19,Instance2,666,-18,50,0.81
Object4978,Instance1,515,-33,200,0.69,Instance2,515,-27,200,0.31
Object4979,Instance1,782,-24,190,0.55,Instance2,782,-28,190,0.45
Object4980,Instance1,705,-14,140,0.51,Instance2,705,-8,140,0.49
Object4981,Instance1,834,-47,80,0.79,Instance2,834,-15,80,0.21
Object4982,Instance1,174,-41,80,0.52,Instance2,174,-6,80,0.48
Object4983,Instance1,186,-11,160,0.57,Instance2,186,-38,160,0.43
Object4984,Instance1,333,-45,130,0.75,Instance2,333,-43,130,0.25
Object4985,Instance1,271,-27,170,0.37,Instance2,271,-3,170,0.63
Object4986,Instance1,928,-17,140,0.9,Instance2,928,-14,140,0.1
Object4987,Instance1,356,-27,170,0.42,Instance2,356,-39,170,0.58
Object4988,Instance1,969,-48,10,0.19,Instance2,969,-10,10,0.81
Object4989,Instance1,148,-35,80,0.66,Instance2,148,-4,80,0.34
Object4990,Instance1,858,-41,190,0.41,Instance2,858,-3,190,0.59
Object4991,Instance1,551,-39,190,0.04,Instance2,551,-12,190,0.96
Object4992,Instance1,280,-28,120,0.89,Instance2,280,-2,120,0.11
Object4993,Instance1,383,-43,200,0.37,Instance2,383,-46,200,0.63
Object4994,Instance1,663,-41,20,0.11,Instance2,663,-42,20,0.89
Object4995,Instance1,378,-17,120,0.17,Instance2,378,-11,120,0.83
Object4996,Instance1,596,-44,190,0.29,Instance2,596,-47,190,0.71
Object4997,Instance1,323,-36,40,0.11,Instance2,323,-20,40,0.89
Object4998,Instance1,876,-17,70,0.08,Instance2,876,-18,70,0.92
Object4999,Instance1,231,-45,170,0.4,Instance2,231,-50,170,0.6
Object5000,Instance1,900,-6,190,0.15,Instance2,900,-14,190,0.85
Object5001,Instance1,776,-20,90,0.71,Instance2,776,-28,90,0.29
Object5002,Instance1,76,-8,130,0.16,Instance2,76,-16,130,0.84
Object5003,Instance1,198,-50,180,0.36,Instance2,198,-9,180,0.64
Object5004,Instance1,619,-47,20,0.36,Instance2,619,-12,20,0.64
Object5005,Instance1,690,-49,110,0.12,Instance2,690,-35,110,0.88
Object5006,Instance1,544,-1,90,0.39,Instance2,544,-11,90,0.61
Object5007,Instance1,257,-25,180,0.24,Instance2,257,-34,180,0.76
Object5008,Instance1,283,-39,150,0.23,Instance2,283,-24,150,0.77
Object5009,Instance1,969,-38,50,0.04,Instance2,969,-47,50,0.96
Object5010,Instance1,523,-12,130,0.2,Instance2,523,-39,130,0.8
Object5011,Instance1,696,-39,70,0.65,Instance2,696,-7,70,0.35
Object5012,Instance1,622,-34,130,0.13,Instance2,622,-1,130,0.87
Object5013,Instance1,204,-41,120,0.37,Instance2,204,-23,120,0.63
Object5014,Instance1,373,-19,100,0.08,Instance2,373,-14,100,0.92
Object5015,Instance1,638,-27,20,0.16,Instance2,638,-30,20,0.84
Object5016,Instance1,653,-7,20,0.17,Instance2,653,-36,20,0.83
Object5017,Instance1,787,-48,130,0.55,Instance2,787,-17,130,0.45
Object5018,Instance1,811,-19,190,0.07,Instance2,811,-44,190,0.93
Object5019,Instance1,330,-14,190,0.17,Instance2,330,-8,190,0.83
Object5020,Instance1,527,-32,100,0.63,Instance2,527,-40,100,0.37
Object5021,Instance1,967,-17,130,0.37,Instance2,967,-40,130,0.63
Object5022,Instance1,295,-20,130,0.96,Instance2,295,-47,130,0.04
Object5023,Instance1,192,-23,30,0.15,Instance2,192,-5,30,0.85
Object5024,Instance1,541,-50,60,0.34,Instance2,541,-39,60,0.66
Object5025,Instance1,107,-29,150,0.84,Instance2,107,-11,150,0.16
Object5026,Instance1,291,-29,40,0.18,Instance2,291,-41,40,0.82
Object5027,Instance1,327,-32,50,0.48,Instance2,327,-19,50,0.52
Object5028,Instance1,493,-16,140,0.37,Instance2,493,-39,140,0.63
Object5029,Instance1,712,-9,20,0.18,Instance2,712,-29,20,0.82
Object5030,Instance1,153,-27,160,0.99,Instance2,153,-31,160,0.01
Object5031,Instance1,71,-49,140,0.47,Instance2,71,-17,140,0.53
Object5032,Instance1,78,-5,200,0.9,Instance2,78,-45,200,0.1
Object5033,Instance1,875,-29,130,0.87,Instance2,875,-32,130,0.13
Object5034,Instance1,551,-3,140,0.67,Instance2,551,-47,140,0.33
Object5035,Instance1,7,-28,160,0.01,Instance2,7,-25,160,0.99
Object5036,Instance1,847,-4,100,0.72,Instance2,847,-2,100,0.28
Object5037,Instance1,300,-25,20,0.73,Instance2,300,-20,20,0.27
Object5038,Instance1,975,-47,80,0.94,Instance2,975,-46,80,0.06
Object5039,Instance1,568,-6,70,0.75,Instance2,568,-43,70,0.25
Object5040,Instance1,829,-9,80,0.79,Instance2,829,-1,80,0.21
Object5041,Instance1,747,-5,120,0.3,Instance2,747,-26,120,0.7
Object5042,Instance1,622,-17,60,0.04,Instance2,622,-23,60,0.96
Object5043,Instance1,520,-38,150,0.94,Instance2,520,-19,150,0.06
Object5044,Instance1,475,-46,170,0.7,Instance2,475,-24,170,0.3
Object5045,Instance1,634,-23,150,0.06,Instance2,634,-42,150,0.94
Object5046,Instance1,408,-40,70,0.8,Instance2,408,-45,70,0.2
Object5047,Instance1,876,-29,40,0.7,Instance2,876,-20,40,0.3
Object5048,Instance1,391,-34,190,0.14,Instance2,391,-31,190,0.86
Object5049,Instance1,273,-25,40,0.69,Instance2,273,-27,40,0.31
Object5050,Instance1,71,-16,130,0.54,Instance2,71,-35,130,0.46
Object5051,Instance1,764,-41,100,0.78,Instance2,764,-40,100,0.22
Object5052,Instance1,630,-29,60,0.94,Instance2,630,-41,60,0.06
Object5053,Instance1,516,-40,160,0.71,Instance2,516,-21,160,0.29
Object5054,Instance1,948,-6,120,0.62,Instance2,948,-41,120,0.38
Object5055,Instance1,491,-8,50,0.38,Instance2,491,-21,50,0.62
Object5056,Instance1,260,-45,170,0.68,Instance2,260,-17,170,0.32
Object5057,Instance1,464,-23,120,0.5,Instance2,464,-23,120,0.5
Object5058,Instance1,94,-13,30,0.05,Instance2,94,-49,30,0.95
Object5059,Instance1,623,-35,130,0.56,Instance2,623,-31,130,0.44
Object5060,Instance1,14,-13,50,0.81,Instance2,14,-2,50,0.19
Object5061,Instance1,652,-9,10,0.15,Instance2,652,-35,10,0.85
Object5062,Instance1,51,-20,20,0.96,Instance2,51,-22,20,0.04
Object5063,Instance1,727,-41,180,0.5,Instance2,727,-22,180,0.5
Object5064,Instance1,443,-33,170,0.72,Instance2,443,-11,170,0.28
Object5065,Instance1,263,-17,100,0.19,Instance2,263,-7,100,0.81
Object5066,Instance1,311,-1,80,0.27,Instance2,311,-31,80,0.73
Object5067,Instance1,720,-48,200,0.87,Instance2,720,-38,200,0.13
Object5068,Instance1,420,-35,70,0.75,Instance2,420,-34,70,0.25
Object5069,Instance1,423,-44,110,0.19,Instance2,423,-32,110,0.81
Object5070,Instance1,43,-42,30,0.57,Instance2,43,-40,30,0.43
Object5071,Instance1,323,-4,190,0.04,Instance2,323,-41,190,0.96
Object5072,Instance1,186,-32,80,0.24,Instance2,186,-36,80,0.76
Object5073,Instance1,606,-33,70,0.24,Instance2,606,-12,70,0.76
Object5074,Instance1,172,-25,160,0.12,Instance2,172,-46,160,0.88
Object5075,Instance1,155,-36,40,0.48,Instance2,155,-39,40,0.52
Object5076,Instance1,575,-47,30,0.39,Instance2,575,-33,30,0.61
Object5077,Instance1,355,-39,200,0.29,Instance2,355,-16,200,0.71
Object5078,Instance1,843,-42,150,0.51,Instance2,843,-4,150,0.49
Object5079,Instance1,183,-35,140,0.08,Instance2,183,-47,140,0.92
Object5080,Instance1,810,-48,70,1.0,Instance2,810,-44,70,0.0
Object5081,Instance1,871,-25,80,0.25,Instance2,871,-4,80,0.75
Object5082,Instance1,996,-42,180,0.14,Instance2,996,-42,180,0.86
Object5083,Instance1,50,-50,80,0.15,Instance2,50,-8,80,0.85
Object5084,Instance1,919,-3,140,0.6,Instance2,919,-29,140,0.4
Object5085,Instance1,799,-11,80,0.62,Instance2,799,-3,80,0.38
Object5086,Instance1,454,-30,100,0.29,Instance2,454,-3,100,0.71
Object5087,Instance1,773,-25,80,0.93,Instance2,773,-13,80,0.07
Object5088,Instance1,87,-23,10,0.79,Instance2,87,-42,10,0.21
Object5089,Instance1,82,-50,20,0.45,Instance2,82,-40,20,0.55
Object5090,Instance1,841,-36,160,0.75,Instance2,841,-45,160,0.25
Object5091,Instance1,525,-2,110,0.13,Instance2,525,-37,110,0.87
Object5092,Instance1,130,-1,160,0.27,Instance2,130,-25,160,0.73
Object5093,Instance1,108,-30,200,0.62,Instance2,108,-49,200,0.38
Object5094,Instance1,10,-26,60,0.88,Instance2,10,-16,60,0.12
Object5095,Instance1,799,-38,170,0.3,Instance2,799,-41,170,0.7
Object5096,Instance1,293,-12,70,0.86,Instance2,293,-37,70,0.14
Object5097,Instance1,134,-31,60,0.6,Instance2,134,-1,60,0.4
Object5098,Instance1,646,-15,70,0.29,Instance2,646,-49,70,0.71
Object5099,Instance1,971,-38,120,0.11,Instance2,971,-13,120,0.89
Object5100,Instance1,891,-7,150,0.6,Instance2,891,-12,150,0.4
Object5101,Instance1,838,-34,90,0.63,Instance2,838,-14,90,0.37
Object5102,Instance1,237,-13,20,0.5,Instance2,237,-19,20,0.5
Object5103,Instance1,447,-11,110,0.19,Instance2,447,-42,110,0.81
Object5104,Instance1,604,-4,190,0.88,Instance2,604,-42,190,0.12
Object5105,Instance1,497,-45,160,0.96,Instance2,497,-15,160,0.04
Object5106,Instance1,419,-6,100,0.07,Instance2,419,-41,100,0.93
Object5107,Instance1,370,-33,120,0.44,Instance2,370,-4,120,0.56
Object5108,Instance1,438,-11,130,0.65,Instance2,438,-44,130,0.35
Object5109,Instance1,616,-15,90,0.29,Instance2,616,-26,90,0.71
Object5110,Instance1,964,-36,160,0.42,Instance2,964,-28,160,0.58
Object5111,Instance1,925,-23,70,0.53,Instance2,925,-14,70,0.47
Object5112,Instance1,434,-3,140,0.19,Instance2,434,-5,140,0.81
Object5113,Instance1,993,-20,120,0.96,Instance2,993,-49,120,0.04
Object5114,Instance1,504,-48,20,0.65,Instance2,504,-5,20,0.35
Object5115,Instance1,199,-20,50,0.87,Instance2,199,-41,50,0.13
Object5116,Instance1,566,-21,100,0.75,Instance2,566,-27,100,0.25
Object5117,Instance1,379,-34,180,0.67,Instance2,379,-32,180,0.33
Object5118,Instance1,941,-35,10,0.47,Instance2,941,-15,10,0.53
Object5119,Instance1,201,-26,130,0.71,Instance2,201,-47,130,0.29
Object5120,Instance1,526,-35,160,0.96,Instance2,526,-19,160,0.04
Object5121,Instance1,592,-29,50,0.62,Instance2,592,-33,50,0.38
Object5122,Instance1,506,-4,100,0.59,Instance2,506,-25,100,0.41
Object5123,Instance1,890,-23,30,0.97,Instance2,890,-8,30,0.03
Object5124,Instance1,658,-15,40,0.4,Instance2,658,-22,40,0.6
Object5125,Instance1,580,-10,80,0.37,Instance2,580,-16,80,0.63
Object5126,Instance1,788,-10,130,0.59,Instance2,788,-10,130,0.41
Object5127,Instance1,206,-19,180,0.49,Instance2,206,-31,180,0.51
Object5128,Instance1,824,-43,130,0.34,Instance2,824,-17,130,0.66
Object5129,Instance1,352,-30,60,0.36,Instance2,352,-1,60,0.64
Object5130,Instance1,201,-30,60,0.19,Instance2,201,-11,60,0.81
Object5131,Instance1,642,-1,20,0.58,Instance2,642,-25,20,0.42
Object5132,Instance1,383,-10,100,0.21,Instance2,383,-16,100,0.79
Object5133,Instance1,108,-11,100,1.0,Instance2,108,-20,100,0.0
Object5134,Instance1,709,-5,70,0.36,Instance2,709,-39,70,0.64
Object5135,Instance1,512,-9,200,0.31,Instance2,512,-9,200,0.69
Object5136,Instance1,31,-49,190,0.62,Instance2,31,-25,190,0.38
Object5137,Instance1,149,-11,140,0.43,Instance2,149,-5,140,0.57
Object5138,Instance1,336,-44,110,0.19,Instance2,336,-21,110,0.81
Object5139,Instance1,668,-13,170,0.15,Instance2,668,-1,170,0.85
Object5140,Instance1,572,-24,130,0.58,Instance2,572,-44,130,0.42
Object5141,Instance1,604,-44,150,0.04,Instance2,604,-47,150,0.96
Object5142,Instance1,474,-16,190,0.8,Instance2,474,-31,190,0.2
Object5143,Instance1,356,-33,100,0.64,Instance2,356,-2,100,0.36
Object5144,Instance1,208,-19,170,0.33,Instance2,208,-36,170,0.67
Object5145,Instance1,940,-30,190,0.71,Instance2,940,-40,190,0.29
Object5146,Instance1,192,-49,10,0.54,Instance2,192,-5,10,0.46
Object5147,Instance1,344,-29,140,0.09,Instance2,344,-11,140,0.91
Object5148,Instance1,189,-37,110,0.08,Instance2,189,-6,110,0.92
Object5149,Instance1,307,-7,140,0.65,Instance2,307,-6,140,0.35
Object5150,Instance1,217,-43,20,0.85,Instance2,217,-39,20,0.15
Object5151,Instance1,983,-4,10,0.85,Instance2,983,-26,10,0.15
Object5152,Instance1,462,-43,160,0.21,Instance2,462,-46,160,0.79
Object5153,Instance1,189,-12,160,0.21,Instance2,189,-31,160,0.79
Object5154,Instance1,870,-32,170,0.7,Instance2,870,-7,170,0.3
Object5155,Instance1,120,-30,10,0.44,Instance2,120,-46,10,0.56
Object5156,Instance1,211,-3,120,0.23,Instance2,211,-11,120,0.77
Object5157,Instance1,79,-8,120,0.11,Instance2,79,-20,120,0.89
Object5158,Instance1,615,-42,50,0.22,Instance2,615,-3,50,0.78
Object5159,Instance1,640,-11,110,0.44,Instance2,640,-3,110,0.56
Object5160,Instance1,657,-40,160,0.18,Instance2,657,-31,160,0.82
Object5161,Instance1,258,-1,10,0.21,Instance2,258,-13,10,0.79
Object5162,Instance1,137,-16,80,0.31,Instance2,137,-18,80,0.69
Object5163,Instance1,252,-50,180,0.87,Instance2,252,-41,180,0.13
Object5164,Instance1,367,-1,100,0.75,Instance2,367,-3,100,0.25
Object5165,Instance1,919,-47,130,0.59,Instance2,919,-49,130,0.41
Object5166,Instance1,247,-7,50,0.28,Instance2,247,-2,50,0.72
Object5167,Instance1,157,-48,90,0.58,Instance2,157,-20,90,0.42
Object5168,Instance1,97,-18,70,0.04,Instance2,97,-47,70,0.96
Object5169,Instance1,936,-4,110,0.29,Instance2,936,-19,110,0.71
Object5170,Instance1,616,-12,70,0.2,Instance2,616,-2,70,0.8
Object5171,Instance1,798,-24,130,0.65,Instance2,798,-16,130,0.35
Object5172,Instance1,900,-16,100,0.48,Instance2,900,-6,100,0.52
Object5173,Instance1,972,-13,110,0.11,Instance2,972,-14,110,0.89
Object5174,Instance1,193,-49,30,0.34,Instance2,193,-30,30,0.66
Object5175,Instance1,5,-26,100,0.57,Instance2,5,-17,100,0.43
Object5176,Instance1,473,-42,130,0.94,Instance2,473,-28,130,0.06
Object5177,Instance1,201,-26,170,0.85,Instance2,201,-20,170,0.15
Object5178,Instance1,855,-50,150,0.4,Instance2,855,-32,150,0.6
Object5179,Instance1,666,-42,130,0.24,Instance2,666,-25,130,0.76
Object5180,Instance1,675,-46,30,0.1,Instance2,675,-47,30,0.9
Object5181,Instance1,596,-47,190,0.36,Instance2,596,-15,190,0.64
Object5182,Instance1,972,-20,160,0.14,Instance2,972,-43,160,0.86
Object5183,Instance1,144,-35,150,0.99,Instance2,144,-22,150,0.01
Object5184,Instance1,75,-6,70,0.69,Instance2,75,-36,70,0.31
Object5185,Instance1,597,-7,60,0.77,Instance2,597,-5,60,0.23
Object5186,Instance1,97,-8,30,0.92,Instance2,97,-13,30,0.08
Object5187,Instance1,237,-39,200,0.31,Instance2,237,-19,200,0.69
Object5188,Instance1,712,-11,40,0.28,Instance2,712,-14,40,0.72
Object5189,Instance1,810,-33,180,0.24,Instance2,810,-34,180,0.76
Object5190,Instance1,201,-34,140,0.21,Instance2,201,-33,140,0.79
Object5191,Instance1,1000,-3,100,0.05,Instance2,1000,-36,100,0.95
Object5192,Instance1,795,-8,80,0.69,Instance2,795,-25,80,0.31
Object5193,Instance1,582,-40,40,0.01,Instance2,582,-4,40,0.99
Object5194,Instance1,114,-33,160,0.4,Instance2,114,-49,160,0.6
Object5195,Instance1,895,-17,50,0.29,Instance2,895,-8,50,0.71
Object5196,Instance1,882,-41,50,0.9,Instance2,882,-24,50,0.1
Object5197,Instance1,553,-16,100,0.56,Instance2,553,-36,100,0.44
Object5198,Instance1,819,-37,40,0.67,Instance2,819,-35,40,0.33
Object5199,Instance1,550,-27,40,0.99,Instance2,550,-22,40,0.01
Object5200,Instance1,392,-10,30,0.85,Instance2,392,-48,30,0.15
Object5201,Instance1,710,-18,130,0.2,Instance2,710,-27,130,0.8
Object5202,Instance1,908,-41,120,0.28,Instance2,908,-3,120,0.72
Object5203,Instance1,38,-25,10,0.42,Instance2,38,-44,10,0.58
Object5204,Instance1,867,-13,90,0.64,Instance2,867,-28,90,0.36
Object5205,Instance1,725,-6,140,0.39,Instance2,725,-38,140,0.61
Object5206,Instance1,258,-4,160,0.94,Instance2,258,-3,160,0.06
Object5207,Instance1,827,-39,140,0.35,Instance2,827,-15,140,0.65
Object5208,Instance1,231,-6,50,0.39,Instance2,231,-47,50,0.61
Object5209,Instance1,236,-50,170,0.33,Instance2,236,-46,170,0.67
Object5210,Instance1,284,-3,80,0.74,Instance2,284,-24,80,0.26
Object5211,Instance1,315,-17,10,0.62,Instance2,315,-4,10,0.38
Object5212,Instance1,913,-33,90,0.68,Instance2,913,-48,90,0.32
Object5213,Instance1,337,-42,160,0.43,Instance2,337,-4,160,0.57
Object5214,Instance1,455,-16,160,0.55,Instance2,455,-36,160,0.45
Object5215,Instance1,706,-48,70,0.36,Instance2,706,-12,70,0.64
Object5216,Instance1,164,-42,40,0.5,Instance2,164,-14,40,0.5
Object5217,Instance1,80,-45,120,0.59,Instance2,80,-20,120,0.41
Object5218,Instance1,442,-38,70,0.9,Instance2,442,-16,70,0.1
Object5219,Instance1,781,-2,160,0.4,Instance2,781,-23,160,0.6
Object5220,Instance1,24,-38,160,0.2,Instance2,24,-11,160,0.8
Object5221,Instance1,337,-6,90,0.14,Instance2,337,-41,90,0.86
Object5222,Instance1,290,-41,110,0.16,Instance2,290,-17,110,0.84
Object5223,Instance1,587,-17,190,0.91,Instance2,587,-14,190,0.09
Object5224,Instance1,359,-45,140,0.64,Instance2,359,-10,140,0.36
Object5225,Instance1,382,-9,100,0.73,Instance2,382,-28,100,0.27
Object5226,Instance1,44,-10,50,0.2,Instance2,44,-34,50,0.8
Object5227,Instance1,784,-50,140,0.83,Instance2,784,-9,140,0.17
Object5228,Instance1,455,-19,60,0.52,Instance2,455,-46,60,0.48
Object5229,Instance1,728,-20,140,0.3,Instance2,728,-23,140,0.7
Object5230,Instance1,187,-47,60,0.67,Instance2,187,-43,60,0.33
Object5231,Instance1,573,-14,50,0.51,Instance2,573,-45,50,0.49
Object5232,Instance1,404,-18,170,0.47,Instance2,404,-45,170,0.53
Object5233,Instance1,709,-19,70,0.86,Instance2,709,-42,70,0.14
Object5234,Instance1,358,-32,180,0.26,Instance2,358,-20,180,0.74
Object5235,Instance1,348,-27,110,0.22,Instance2,348,-6,110,0.78
Object5236,Instance1,280,-44,200,0.91,Instance2,280,-27,200,0.09
Object5237,Instance1,654,-34,120,0.13,Instance2,654,-10,120,0.87
Object5238,Instance1,710,-20,10,0.95,Instance2,710,-6,10,0.05
Object5239,Instance1,110,-38,30,0.46,Instance2,110,-19,30,0.54
Object5240,Instance1,565,-27,120,0.9,Instance2,565,-43,120,0.1
Object5241,Instance1,324,-15,80,0.81,Instance2,324,-41,80,0.19
Object5242,Instance1,269,-23,170,0.82,Instance2,269,-16,170,0.18
Object5243,Instance1,626,-31,110,0.83,Instance2,626,-16,110,0.17
Object5244,Instance1,403,-49,200,0.23,Instance2,403,-3,200,0.77
Object5245,Instance1,744,-9,70,0.27,Instance2,744,-32,70,0.73
Object5246,Instance1,587,-33,40,0.08,Instance2,587,-41,40,0.92
Object5247,Instance1,574,-27,30,0.35,Instance2,574,-5,30,0.65
Object5248,Instance1,600,-18,10,0.36,Instance2,600,-27,10,0.64
Object5249,Instance1,188,-14,90,0.71,Instance2,188,-41,90,0.29
Object5250,Instance1,719,-48,200,0.72,Instance2,719,-43,200,0.28
Object5251,Instance1,744,-14,80,0.96,Instance2,744,-40,80,0.04
Object5252,Instance1,527,-22,30,0.83,Instance2,527,-47,30,0.17
Object5253,Instance1,267,-45,40,0.83,Instance2,267,-34,40,0.17
Object5254,Instance1,957,-44,30,0.19,Instance2,957,-38,30,0.81
Object5255,Instance1,530,-7,10,0.54,Instance2,530,-40,10,0.46
Object5256,Instance1,113,-50,60,0.04,Instance2,113,-45,60,0.96
Object5257,Instance1,635,-13,70,0.12,Instance2,635,-17,70,0.88
Object5258,Instance1,837,-11,30,0.83,Instance2,837,-32,30,0.17
Object5259,Instance1,853,-21,130,0.78,Instance2,853,-7,130,0.22
Object5260,Instance1,648,-38,40,0.11,Instance2,648,-42,40,0.89
Object5261,Instance1,843,-39,110,0.17,Instance2,843,-34,110,0.83
Object5262,Instance1,30,-32,20,0.5,Instance2,30,-32,20,0.5
Object5263,Instance1,957,-31,120,0.49,Instance2,957,-21,120,0.51
Object5264,Instance1,619,-3,180,0.03,Instance2,619,-37,180,0.97
Object5265,Instance1,49,-28,30,0.98,Instance2,49,-1,30,0.02
Object5266,Instance1,649,-3,180,0.41,Instance2,649,-28,180,0.59
Object5267,Instance1,887,-20,200,0.44,Instance2,887,-18,200,0.56
Object5268,Instance1,443,-38,30,0.71,Instance2,443,-45,30,0.29
Object5269,Instance1,350,-10,140,0.6,Instance2,350,-8,140,0.4
Object5270,Instance1,96,-30,80,0.61,Instance2,96,-29,80,0.39
Object5271,Instance1,423,-13,60,0.65,Instance2,423,-9,60,0.35
Object5272,Instance1,985,-14,30,0.7,Instance2,985,-14,30,0.3
Object5273,Instance1,619,-20,110,0.75,Instance2,619,-41,110,0.25
Object5274,Instance1,216,-8,10,0.93,Instance2,216,-9,10,0.07
Object5275,Instance1,881,-10,150,0.12,Instance2,881,-1,150,0.88
Object5276,Instance1,201,-5,190,0.24,Instance2,201,-11,190,0.76
Object5277,Instance1,379,-49,80,0.59,Instance2,379,-26,80,0.41
Object5278,Instance1,478,-12,90,0.98,Instance2,478,-41,90,0.02
Object5279,Instance1,17,-49,40,0.47,Instance2,17,-37,40,0.53
Object5280,Instance1,757,-50,100,0.99,Instance2,757,-39,100,0.01
Object5281,Instance1,666,-29,140,0.18,Instance2,666,-18,140,0.82
Object5282,Instance1,79,-7,100,0.15,Instance2,79,-21,100,0.85
Object5283,Instance1,768,-38,180,0.97,Instance2,768,-31,180,0.03
Object5284,Instance1,747,-1,100,0.82,Instance2,747,-29,100,0.18
Object5285,Instance1,658,-37,10,0.41,Instance2,658,-40,10,0.59
Object5286,Instance1,848,-50,10,0.21,Instance2,848,-16,10,0.79
Object5287,Instance1,931,-46,20,0.62,Instance2,931,-32,20,0.38
Object5288,Instance1,763,-5,120,0.67,Instance2,763,-26,120,0.33
Object5289,Instance1,519,-1,10,0.79,Instance2,519,-5,10,0.21
Object5290,Instance1,512,-22,30,0.77,Instance2,512,-4,30,0.23
Object5291,Instance1,473,-24,40,0.38,Instance2,473,-29,40,0.62
Object5292,Instance1,948,-1,50,0.19,Instance2,948,-32,50,0.81
Object5293,Instance1,164,-40,170,0.02,Instance2,164,-3,170,0.98
Object5294,Instance1,263,-8,140,0.28,Instance2,263,-45,140,0.72
Object5295,Instance1,692,-11,30,0.59,Instance2,692,-37,30,0.41
Object5296,Instance1,488,-22,90,0.47,Instance2,488,-42,90,0.53
Object5297,Instance1,647,-47,80,0.42,Instance2,647,-40,80,0.58
Object5298,Instance1,481,-8,60,0.06,Instance2,481,-32,60,0.94
Object5299,Instance1,221,-10,80,0.13,Instance2,221,-49,80,0.87
Object5300,Instance1,655,-44,180,0.43,Instance2,655,-41,180,0.57
Object5301,Instance1,98,-33,190,0.79,Instance2,98,-47,190,0.21
Object5302,Instance1,508,-42,80,0.27,Instance2,508,-31,80,0.73
Object5303,Instance1,146,-48,50,0.62,Instance2,146,-29,50,0.38
Object5304,Instance1,614,-28,200,0.8,Instance2,614,-13,200,0.2
Object5305,Instance1,104,-47,100,0.73,Instance2,104,-8,100,0.27
Object5306,Instance1,589,-47,10,0.53,Instance2,589,-24,10,0.47
Object5307,Instance1,911,-41,20,0.16,Instance2,911,-9,20,0.84
Object5308,Instance1,772,-29,200,0.67,Instance2,772,-11,200,0.33
Object5309,Instance1,934,-41,40,0.76,Instance2,934,-23,40,0.24
Object5310,Instance1,115,-1,140,0.92,Instance2,115,-16,140,0.08
Object5311,Instance1,935,-50,50,0.01,Instance2,935,-22,50,0.99
Object5312,Instance1,364,-36,190,0.39,Instance2,364,-15,190,0.61
Object5313,Instance1,939,-28,170,0.37,Instance2,939,-24,170,0.63
Object5314,Instance1,634,-47,40,0.58,Instance2,634,-41,40,0.42
Object5315,Instance1,399,-39,90,0.69,Instance2,399,-33,90,0.31
Object5316,Instance1,441,-36,140,0.71,Instance2,441,-6,140,0.29
Object5317,Instance1,167,-49,60,0.83,Instance2,167,-2,60,0.17
Object5318,Instance1,322,-10,110,0.25,Instance2,322,-46,110,0.75
Object5319,Instance1,989,-45,130,0.4,Instance2,989,-34,130,0.6
Object5320,Instance1,896,-15,110,0.75,Instance2,896,-18,110,0.25
Object5321,Instance1,314,-19,40,0.19,Instance2,314,-29,40,0.81
Object5322,Instance1,465,-22,50,0.16,Instance2,465,-48,50,0.84
Object5323,Instance1,666,-3,60,0.26,Instance2,666,-8,60,0.74
Object5324,Instance1,251,-27,110,0.46,Instance2,251,-33,110,0.54
Object5325,Instance1,879,-24,10,0.62,Instance2,879,-46,10,0.38
Object5326,Instance1,500,-31,130,0.52,Instance2,500,-31,130,0.48
Object5327,Instance1,874,-22,180,0.24,Instance2,874,-10,180,0.76
Object5328,Instance1,282,-25,130,0.33,Instance2,282,-26,130,0.67
Object5329,Instance1,378,-39,40,0.7,Instance2,378,-38,40,0.3
Object5330,Instance1,473,-3,180,0.51,Instance2,473,-45,180,0.49
Object5331,Instance1,137,-18,100,0.32,Instance2,137,-34,100,0.68
Object5332,Instance1,48,-12,130,0.7,Instance2,48,-1,130,0.3
Object5333,Instance1,966,-31,180,0.85,Instance2,966,-26,180,0.15
Object5334,Instance1,706,-22,60,0.18,Instance2,706,-37,60,0.82
Object5335,Instance1,132,-10,50,0.35,Instance2,132,-17,50,0.65
Object5336,Instance1,320,-24,150,0.23,Instance2,320,-18,150,0.77
Object5337,Instance1,298,-15,70,0.66,Instance2,298,-37,70,0.34
Object5338,Instance1,845,-47,110,0.79,Instance2,845,-34,110,0.21
Object5339,Instance1,339,-33,90,0.76,Instance2,339,-50,90,0.24
Object5340,Instance1,342,-4,110,0.04,Instance2,342,-10,110,0.96
Object5341,Instance1,230,-12,100,0.02,Instance2,230,-26,100,0.98
Object5342,Instance1,191,-31,60,0.67,Instance2,191,-19,60,0.33
Object5343,Instance1,937,-27,70,0.81,Instance2,937,-9,70,0.19
Object5344,Instance1,251,-38,70,0.93,Instance2,251,-34,70,0.07
Object5345,Instance1,989,-45,170,0.31,Instance2,989,-7,170,0.69
Object5346,Instance1,115,-43,10,0.02,Instance2,115,-1,10,0.98
Object5347,Instance1,550,-11,200,0.97,Instance2,550,-43,200,0.03
Object5348,Instance1,807,-16,190,0.45,Instance2,807,-44,190,0.55
Object5349,Instance1,213,-17,20,0.64,Instance2,213,-39,20,0.36
Object5350,Instance1,965,-36,200,0.28,Instance2,965,-7,200,0.72
Object5351,Instance1,781,-17,150,0.72,Instance2,781,-49,150,0.28
Object5352,Instance1,612,-31,190,0.5,Instance2,612,-1,190,0.5
Object5353,Instance1,441,-47,180,0.29,Instance2,441,-22,180,0.71
Object5354,Instance1,373,-43,10,0.56,Instance2,373,-39,10,0.44
Object5355,Instance1,562,-12,80,0.58,Instance2,562,-32,80,0.42
Object5356,Instance1,594,-29,110,0.3,Instance2,594,-4,110,0.7
Object5357,Instance1,242,-40,160,0.84,Instance2,242,-38,160,0.16
Object5358,Instance1,219,-34,170,0.16,Instance2,219,-38,170,0.84
Object5359,Instance1,693,-18,170,0.74,Instance2,693,-23,170,0.26
Object5360,Instance1,616,-21,10,0.07,Instance2,616,-10,10,0.93
Object5361,Instance1,124,-17,140,0.77,Instance2,124,-42,140,0.23
Object5362,Instance1,861,-25,170,0.78,Instance2,861,-34,170,0.22
Object5363,Instance1,350,-33,200,0.51,Instance2,350,-5,200,0.49
Object5364,Instance1,519,-16,30,0.22,Instance2,519,-26,30,0.78
Object5365,Instance1,482,-38,70,0.61,Instance2,482,-6,70,0.39
Object5366,Instance1,436,-33,170,0.4,Instance2,436,-14,170,0.6
Object5367,Instance1,879,-24,120,0.51,Instance2,879,-49,120,0.49
Object5368,Instance1,771,-43,60,0.06,Instance2,771,-21,60,0.94
Object5369,Instance1,39,-6,190,0.95,Instance2,39,-38,190,0.05
Object5370,Instance1,588,-28,130,0.23,Instance2,588,-11,130,0.77
Object5371,Instance1,497,-41,80,0.68,Instance2,497,-22,80,0.32
Object5372,Instance1,427,-1,20,0.5,Instance2,427,-31,20,0.5
Object5373,Instance1,359,-48,180,0.15,Instance2,359,-16,180,0.85
Object5374,Instance1,594,-7,130,0.89,Instance2,594,-10,130,0.11
Object5375,Instance1,212,-31,110,0.78,Instance2,212,-20,110,0.22
Object5376,Instance1,677,-4,200,0.46,Instance2,677,-6,200,0.54
Object5377,Instance1,15,-45,50,0.78,Instance2,15,-4,50,0.22
Object5378,Instance1,120,-24,160,0.97,Instance2,120,-35,160,0.03
Object5379,Instance1,875,-31,180,0.85,Instance2,875,-41,180,0.15
Object5380,Instance1,149,-32,20,0.09,Instance2,149,-29,20,0.91
Object5381,Instance1,359,-1,150,0.35,Instance2,359,-49,150,0.65
Object5382,Instance1,768,-14,130,0.4,Instance2,768,-49,130,0.6
Object5383,Instance1,199,-19,110,0.72,Instance2,199,-48,110,0.28
Object5384,Instance1,888,-12,170,0.55,Instance2,888,-15,170,0.45
Object5385,Instance1,781,-8,120,0.96,Instance2,781,-33,120,0.04
Object5386,Instance1,817,-34,10,0.68,Instance2,817,-33,10,0.32
Object5387,Instance1,796,-9,20,0.98,Instance2,796,-50,20,0.02
Object5388,Instance1,30,-18,170,0.87,Instance2,30,-41,170,0.13
Object5389,Instance1,418,-8,200,0.54,Instance2,418,-28,200,0.46
Object5390,Instance1,154,-14,60,0.95,Instance2,154,-36,60,0.05
Object5391,Instance1,64,-35,200,0.45,Instance2,64,-40,200,0.55
Object5392,Instance1,773,-46,80,0.65,Instance2,773,-20,80,0.35
Object5393,Instance1,80,-40,40,0.56,Instance2,80,-30,40,0.44
Object5394,Instance1,984,-16,70,0.89,Instance2,984,-4,70,0.11
Object5395,Instance1,881,-43,70,0.15,Instance2,881,-49,70,0.85
Object5396,Instance1,312,-24,100,0.29,Instance2,312,-39,100,0.71
Object5397,Instance1,426,-30,180,0.2,Instance2,426,-39,180,0.8
Object5398,Instance1,341,-45,150,0.19,Instance2,341,-13,150,0.81
Object5399,Instance1,102,-11,190,0.13,Instance2,102,-21,190,0.87
Object5400,Instance1,234,-44,140,0.55,Instance2,234,-9,140,0.45
Object5401,Instance1,294,-11,190,0.2,Instance2,294,-40,190,0.8
Object5402,Instance1,145,-21,30,0.25,Instance2,145,-7,30,0.75
Object5403,Instance1,406,-44,90,0.28,Instance2,406,-49,90,0.72
Object5404,Instance1,751,-11,110,0.89,Instance2,751,-6,110,0.11
Object5405,Instance1,924,-3,30,0.41,Instance2,924,-25,30,0.59
Object5406,Instance1,108,-22,150,0.52,Instance2,108,-35,150,0.48
Object5407,Instance1,389,-10,40,0.52,Instance2,389,-10,40,0.48
Object5408,Instance1,154,-29,50,0.27,Instance2,154,-8,50,0.73
Object5409,Instance1,88,-15,180,0.16,Instance2,88,-30,180,0.84
Object5410,Instance1,868,-47,20,0.92,Instance2,868,-41,20,0.08
Object5411,Instance1,109,-6,30,0.22,Instance2,109,-46,30,0.78
Object5412,Instance1,982,-45,160,0.75,Instance2,982,-38,160,0.25
Object5413,Instance1,49,-35,180,0.02,Instance2,49,-34,180,0.98
Object5414,Instance1,183,-10,170,0.49,Instance2,183,-42,170,0.51
Object5415,Instance1,8,-30,20,0.04,Instance2,8,-1,20,0.96
Object5416,Instance1,794,-1,140,0.27,Instance2,794,-38,140,0.73
Object5417,Instance1,139,-32,130,0.78,Instance2,139,-20,130,0.22
Object5418,Instance1,207,-35,150,0.42,Instance2,207,-21,150,0.58
Object5419,Instance1,267,-37,100,0.42,Instance2,267,-6,100,0.58
Object5420,Instance1,914,-45,110,0.16,Instance2,914,-16,110,0.84
Object5421,Instance1,794,-41,100,0.81,Instance2,794,-35,100,0.19
Object5422,Instance1,129,-46,100,0.35,Instance2,129,-21,100,0.65
Object5423,Instance1,649,-34,40,0.03,Instance2,649,-42,40,0.97
Object5424,Instance1,444,-17,40,0.7,Instance2,444,-19,40,0.3
Object5425,Instance1,149,-9,100,0.34,Instance2,149,-22,100,0.66
Object5426,Instance1,481,-14,110,0.48,Instance2,481,-3,110,0.52
Object5427,Instance1,984,-38,70,0.36,Instance2,984,-39,70,0.64
Object5428,Instance1,236,-32,60,0.24,Instance2,236,-33,60,0.76
Object5429,Instance1,722,-19,150,0.47,Instance2,722,-1,150,0.53
Object5430,Instance1,739,-14,20,0.6,Instance2,739,-34,20,0.4
Object5431,Instance1,476,-20,190,0.01,Instance2,476,-36,190,0.99
Object5432,Instance1,12,-16,110,0.74,Instance2,12,-29,110,0.26
Object5433,Instance1,462,-7,60,0.83,Instance2,462,-27,60,0.17
Object5434,Instance1,785,-29,10,0.87,Instance2,785,-17,10,0.13
Object5435,Instance1,319,-19,160,0.73,Instance2,319,-35,160,0.27
Object5436,Instance1,230,-11,50,0.71,Instance2,230,-46,50,0.29
Object5437,Instance1,584,-36,90,0.17,Instance2,584,-12,90,0.83
Object5438,Instance1,779,-11,180,0.52,Instance2,779,-46,180,0.48
Object5439,Instance1,987,-2,170,0.62,Instance2,987,-30,170,0.38
Object5440,Instance1,824,-20,70,0.34,Instance2,824,-48,70,0.66
Object5441,Instance1,39,-42,120,0.79,Instance2,39,-29,120,0.21
Object5442,Instance1,367,-25,110,0.59,Instance2,367,-3,110,0.41
Object5443,Instance1,411,-3,30,0.9,Instance2,411,-34,30,0.1
Object5444,Instance1,847,-47,150,0.09,Instance2,847,-18,150,0.91
Object5445,Instance1,133,-2,100,0.17,Instance2,133,-18,100,0.83
Object5446,Instance1,219,-31,80,0.33,Instance2,219,-19,80,0.67
Object5447,Instance1,535,-1,50,0.89,Instance2,535,-36,50,0.11
Object5448,Instance1,18,-46,10,0.98,Instance2,18,-31,10,0.02
Object5449,Instance1,831,-25,70,0.44,Instance2,831,-11,70,0.56
Object5450,Instance1,633,-44,180,0.83,Instance2,633,-20,180,0.17
Object5451,Instance1,995,-17,110,0.25,Instance2,995,-48,110,0.75
Object5452,Instance1,174,-2,40,0.68,Instance2,174,-16,40,0.32
Object5453,Instance1,276,-20,50,0.91,Instance2,276,-2,50,0.09
Object5454,Instance1,591,-23,40,0.53,Instance2,591,-3,40,0.47
Object5455,Instance1,647,-49,110,0.6,Instance2,647,-6,110,0.4
Object5456,Instance1,339,-13,180,0.53,Instance2,339,-33,180,0.47
Object5457,Instance1,706,-22,200,0.17,Instance2,706,-49,200,0.83
Object5458,Instance1,902,-42,20,0.98,Instance2,902,-11,20,0.02
Object5459,Instance1,276,-25,120,0.94,Instance2,276,-20,120,0.06
Object5460,Instance1,203,-41,80,0.49,Instance2,203,-22,80,0.51
Object5461,Instance1,747,-10,90,0.98,Instance2,747,-26,90,0.02
Object5462,Instance1,787,-12,140,0.3,Instance2,787,-6,140,0.7
Object5463,Instance1,535,-16,90,0.9,Instance2,535,-14,90,0.1
Object5464,Instance1,586,-35,140,0.36,Instance2,586,-19,140,0.64
Object5465,Instance1,567,-19,40,0.11,Instance2,567,-18,40,0.89
Object5466,Instance1,778,-12,40,0.59,Instance2,778,-48,40,0.41
Object5467,Instance1,542,-18,60,0.1,Instance2,542,-24,60,0.9
Object5468,Instance1,506,-18,60,0.1,Instance2,506,-27,60,0.9
Object5469,Instance1,856,-38,40,0.21,Instance2,856,-32,40,0.79
Object5470,Instance1,220,-46,50,0.09,Instance2,220,-38,50,0.91
Object5471,Instance1,483,-34,110,0.69,Instance2,483,-44,110,0.31
Object5472,Instance1,191,-26,170,0.59,Instance2,191,-7,170,0.41
Object5473,Instance1,854,-46,40,0.6,Instance2,854,-7,40,0.4
Object5474,Instance1,569,-8,30,0.87,Instance2,569,-19,30,0.13
Object5475,Instance1,906,-9,180,0.89,Instance2,906,-8,180,0.11
Object5476,Instance1,616,-25,60,0.97,Instance2,616,-20,60,0.03
Object5477,Instance1,278,-10,190,0.83,Instance2,278,-21,190,0.17
Object5478,Instance1,15,-35,140,0.77,Instance2,15,-44,140,0.23
Object5479,Instance1,959,-30,100,0.41,Instance2,959,-21,100,0.59
Object5480,Instance1,932,-4,160,0.46,Instance2,932,-18,160,0.54
Object5481,Instance1,717,-1,170,0.84,Instance2,717,-25,170,0.16
Object5482,Instance1,304,-12,70,0.99,Instance2,304,-27,70,0.01
Object5483,Instance1,460,-9,90,0.45,Instance2,460,-25,90,0.55
Object5484,Instance1,988,-46,170,1.0,Instance2,988,-6,170,0.0
Object5485,Instance1,268,-19,180,0.4,Instance2,268,-45,180,0.6
Object5486,Instance1,184,-31,60,0.88,Instance2,184,-45,60,0.12
Object5487,Instance1,451,-20,70,0.64,Instance2,451,-33,70,0.36
Object5488,Instance1,885,-33,150,0.5,Instance2,885,-36,150,0.5
Object5489,Instance1,192,-27,130,0.14,Instance2,192,-34,130,0.86
Object5490,Instance1,884,-20,80,0.04,Instance2,884,-33,80,0.96
Object5491,Instance1,66,-46,140,0.24,Instance2,66,-2,140,0.76
Object5492,Instance1,600,-45,160,0.55,Instance2,600,-2,160,0.45
Object5493,Instance1,460,-7,70,0.16,Instance2,460,-45,70,0.84
Object5494,Instance1,950,-48,120,0.9,Instance2,950,-28,120,0.1
Object5495,Instance1,198,-11,30,0.29,Instance2,198,-43,30,0.71
Object5496,Instance1,901,-1,130,0.37,Instance2,901,-1,130,0.63
Object5497,Instance1,134,-13,20,0.11,Instance2,134,-8,20,0.89
Object5498,Instance1,258,-46,180,0.14,Instance2,258,-45,180,0.86
Object5499,Instance1,36,-47,80,0.91,Instance2,36,-30,80,0.09
Object5500,Instance1,755,-14,170,0.45,Instance2,755,-16,170,0.55
Object5501,Instance1,699,-38,30,0.85,Instance2,699,-17,30,0.15
Object5502,Instance1,978,-7,40,0.22,Instance2,978,-5,40,0.78
Object5503,Instance1,370,-11,50,0.44,Instance2,370,-25,50,0.56
Object5504,Instance1,197,-22,110,0.18,Instance2,197,-46,110,0.82
Object5505,Instance1,720,-8,180,0.89,Instance2,720,-31,180,0.11
Object5506,Instance1,163,-15,160,0.48,Instance2,163,-46,160,0.52
Object5507,Instance1,891,-28,170,0.46,Instance2,891,-37,170,0.54
Object5508,Instance1,198,-29,80,0.28,Instance2,198,-30,80,0.72
Object5509,Instance1,589,-13,180,0.68,Instance2,589,-3,180,0.32
Object5510,Instance1,486,-8,90,0.77,Instance2,486,-29,90,0.23
Object5511,Instance1,168,-49,200,0.3,Instance2,168,-16,200,0.7
Object5512,Instance1,509,-47,150,0.65,Instance2,509,-21,150,0.35
Object5513,Instance1,147,-35,100,0.97,Instance2,147,-10,100,0.03
Object5514,Instance1,920,-21,190,0.58,Instance2,920,-8,190,0.42
Object5515,Instance1,525,-44,80,0.67,Instance2,525,-29,80,0.33
Object5516,Instance1,956,-18,130,0.59,Instance2,956,-16,130,0.41
Object5517,Instance1,382,-13,20,0.6,Instance2,382,-28,20,0.4
Object5518,Instance1,297,-24,100,0.92,Instance2,297,-12,100,0.08
Object5519,Instance1,334,-1,110,0.42,Instance2,334,-6,110,0.58
Object5520,Instance1,578,-41,120,0.06,Instance2,578,-24,120,0.94
Object5521,Instance1,553,-49,70,0.53,Instance2,553,-43,70,0.47
Object5522,Instance1,979,-49,40,0.24,Instance2,979,-22,40,0.76
Object5523,Instance1,392,-28,130,0.73,Instance2,392,-7,130,0.27
Object5524,Instance1,401,-24,10,0.38,Instance2,401,-20,10,0.62
Object5525,Instance1,607,-17,90,0.41,Instance2,607,-2,90,0.59
Object5526,Instance1,69,-31,60,0.76,Instance2,69,-35,60,0.24
Object5527,Instance1,862,-44,90,0.97,Instance2,862,-32,90,0.03
Object5528,Instance1,321,-38,150,0.34,Instance2,321,-16,150,0.66
Object5529,Instance1,41,-2,70,0.47,Instance2,41,-40,70,0.53
Object5530,Instance1,747,-11,60,0.11,Instance2,747,-47,60,0.89
Object5531,Instance1,695,-14,70,0.69,Instance2,695,-16,70,0.31
Object5532,Instance1,480,-21,120,0.65,Instance2,480,-32,120,0.35
Object5533,Instance1,574,-23,90,0.43,Instance2,574,-4,90,0.57
Object5534,Instance1,728,-31,10,0.12,Instance2,728,-10,10,0.88
Object5535,Instance1,369,-37,170,0.49,Instance2,369,-19,170,0.51
Object5536,Instance1,423,-14,120,0.71,Instance2,423,-21,120,0.29
Object5537,Instance1,911,-33,180,0.23,Instance2,911,-43,180,0.77
Object5538,Instance1,885,-47,60,0.72,Instance2,885,-7,60,0.28
Object5539,Instance1,387,-34,70,0.32,Instance2,387,-23,70,0.68
Object5540,Instance1,126,-36,70,0.4,Instance2,126,-8,70,0.6
Object5541,Instance1,865,-11,30,0.17,Instance2,865,-37,30,0.83
Object5542,Instance1,192,-38,120,0.03,Instance2,192,-38,120,0.97
Object5543,Instance1,205,-15,80,0.57,Instance2,205,-8,80,0.43
Object5544,Instance1,649,-44,30,0.65,Instance2,649,-34,30,0.35
Object5545,Instance1,988,-32,120,0.34,Instance2,988,-43,120,0.66
Object5546,Instance1,944,-35,70,0.02,Instance2,944,-11,70,0.98
Object5547,Instance1,863,-48,20,0.6,Instance2,863,-25,20,0.4
Object5548,Instance1,119,-14,70,0.63,Instance2,119,-39,70,0.37
Object5549,Instance1,69,-34,30,0.18,Instance2,69,-27,30,0.82
Object5550,Instance1,237,-45,180,0.28,Instance2,237,-29,180,0.72
Object5551,Instance1,77,-17,20,0.26,Instance2,77,-12,20,0.74
Object5552,Instance1,751,-33,90,0.24,Instance2,751,-22,90,0.76
Object5553,Instance1,212,-19,200,0.33,Instance2,212,-50,200,0.67
Object5554,Instance1,576,-28,20,0.2,Instance2,576,-18,20,0.8
Object5555,Instance1,495,-20,190,0.03,Instance2,495,-13,190,0.97
Object5556,Instance1,134,-49,70,0.12,Instance2,134,-28,70,0.88
Object5557,Instance1,628,-31,150,0.09,Instance2,628,-27,150,0.91
Object5558,Instance1,708,-2,190,0.08,Instance2,708,-7,190,0.92
Object5559,Instance1,337,-39,70,0.5,Instance2,337,-43,70,0.5
Object5560,Instance1,749,-48,50,0.9,Instance2,749,-35,50,0.1
Object5561,Instance1,84,-41,160,0.2,Instance2,84,-18,160,0.8
Object5562,Instance1,439,-46,150,0.33,Instance2,439,-34,150,0.67
Object5563,Instance1,846,-15,170,0.13,Instance2,846,-40,170,0.87
Object5564,Instance1,587,-34,130,0.13,Instance2,587,-25,130,0.87
Object5565,Instance1,254,-43,150,0.1,Instance2,254,-19,150,0.9
Object5566,Instance1,148,-26,190,0.57,Instance2,148,-5,190,0.43
Object5567,Instance1,199,-47,70,0.47,Instance2,199,-17,70,0.53
Object5568,Instance1,861,-8,140,0.07,Instance2,861,-14,140,0.93
Object5569,Instance1,408,-28,120,0.37,Instance2,408,-7,120,0.63
Object5570,Instance1,802,-25,80,0.29,Instance2,802,-16,80,0.71
Object5571,Instance1,280,-30,120,0.05,Instance2,280,-32,120,0.95
Object5572,Instance1,632,-29,90,0.53,Instance2,632,-22,90,0.47
Object5573,Instance1,807,-49,20,0.17,Instance2,807,-32,20,0.83
Object5574,Instance1,424,-33,80,0.37,Instance2,424,-10,80,0.63
Object5575,Instance1,834,-32,160,0.97,Instance2,834,-45,160,0.03
Object5576,Instance1,899,-20,200,0.5,Instance2,899,-46,200,0.5
Object5577,Instance1,361,-47,90,0.09,Instance2,361,-8,90,0.91
Object5578,Instance1,185,-5,10,0.69,Instance2,185,-33,10,0.31
Object5579,Instance1,240,-23,140,0.25,Instance2,240,-46,140,0.75
Object5580,Instance1,509,-32,130,0.9,Instance2,509,-34,130,0.1
Object5581,Instance1,647,-28,160,0.05,Instance2,647,-28,160,0.95
Object5582,Instance1,691,-33,10,0.55,Instance2,691,-22,10,0.45
Object5583,Instance1,495,-25,80,0.5,Instance2,495,-16,80,0.5
Object5584,Instance1,503,-38,170,0.42,Instance2,503,-38,170,0.58
Object5585,Instance1,165,-7,150,0.8,Instance2,165,-8,150,0.2
Object5586,Instance1,922,-1,100,0.24,Instance2,922,-50,100,0.76
Object5587,Instance1,37,-27,120,0.33,Instance2,37,-35,120,0.67
Object5588,Instance1,138,-9,40,0.12,Instance2,138,-16,40,0.88
Object5589,Instance1,426,-3,80,0.18,Instance2,426,-15,80,0.82
Object5590,Instance1,770,-26,70,0.63,Instance2,770,-45,70,0.37
Object5591,Instance1,34,-22,200,0.48,Instance2,34,-30,200,0.52
Object5592,Instance1,242,-25,170,0.82,Instance2,242,-11,170,0.18
Object5593,Instance1,326,-42,100,0.67,Instance2,326,-34,100,0.33
Object5594,Instance1,553,-10,60,0.72,Instance2,553,-1,60,0.28
Object5595,Instance1,906,-46,160,0.4,Instance2,906,-23,160,0.6
Object5596,Instance1,680,-12,190,1.0,Instance2,680,-27,190,0.0
Object5597,Instance1,258,-36,160,0.26,Instance2,258,-50,160,0.74
Object5598,Instance1,55,-34,190,0.96,Instance2,55,-50,190,0.04
Object5599,Instance1,528,-27,200,0.53,Instance2,528,-3,200,0.47
Object5600,Instance1,447,-36,150,0.04,Instance2,447,-28,150,0.96
Object5601,Instance1,596,-31,180,0.28,Instance2,596,-45,180,0.72
Object5602,Instance1,466,-13,150,0.43,Instance2,466,-29,150,0.57
Object5603,Instance1,683,-19,130,0.95,Instance2,683,-23,130,0.05
Object5604,Instance1,535,-7,190,0.68,Instance2,535,-47,190,0.32
Object5605,Instance1,669,-43,100,0.83,Instance2,669,-10,100,0.17
Object5606,Instance1,569,-37,20,0.09,Instance2,569,-12,20,0.91
Object5607,Instance1,675,-16,50,0.73,Instance2,675,-25,50,0.27
Object5608,Instance1,173,-20,170,0.12,Instance2,173,-30,170,0.88
Object5609,Instance1,496,-3,40,0.95,Instance2,496,-10,40,0.05
Object5610,Instance1,442,-42,80,0.84,Instance2,442,-28,80,0.16
Object5611,Instance1,48,-5,20,0.73,Instance2,48,-43,20,0.27
Object5612,Instance1,279,-16,170,0.52,Instance2,279,-34,170,0.48
Object5613,Instance1,180,-7,200,0.47,Instance2,180,-2,200,0.53
Object5614,Instance1,164,-9,40,0.86,Instance2,164,-41,40,0.14
Object5615,Instance1,473,-9,60,0.13,Instance2,473,-28,60,0.87
Object5616,Instance1,472,-5,150,0.89,Instance2,472,-5,150,0.11
Object5617,Instance1,481,-42,80,0.23,Instance2,481,-29,80,0.77
Object5618,Instance1,87,-38,160,0.19,Instance2,87,-15,160,0.81
Object5619,Instance1,428,-14,170,0.46,Instance2,428,-30,170,0.54
Object5620,Instance1,281,-49,130,0.42,Instance2,281,-18,130,0.58
Object5621,Instance1,9,-13,190,0.33,Instance2,9,-13,190,0.67
Object5622,Instance1,546,-35,50,0.77,Instance2,546,-8,50,0.23
Object5623,Instance1,890,-46,200,0.9,Instance2,890,-33,200,0.1
Object5624,Instance1,50,-18,30,0.25,Instance2,50,-50,30,0.75
Object5625,Instance1,310,-45,150,0.31,Instance2,310,-4,150,0.69
Object5626,Instance1,757,-31,100,0.85,Instance2,757,-21,100,0.15
Object5627,Instance1,272,-45,140,0.52,Instance2,272,-36,140,0.48
Object5628,Instance1,987,-11,170,0.67,Instance2,987,-42,170,0.33
Object5629,Instance1,306,-9,180,0.86,Instance2,306,-2,180,0.14
Object5630,Instance1,23,-28,70,0.54,Instance2,23,-38,70,0.46
Object5631,Instance1,101,-1,10,0.12,Instance2,101,-10,10,0.88
Object5632,Instance1,189,-25,10,0.15,Instance2,189,-41,10,0.85
Object5633,Instance1,420,-20,20,0.82,Instance2,420,-20,20,0.18
Object5634,Instance1,54,-12,40,0.06,Instance2,54,-39,40,0.94
Object5635,Instance1,821,-20,170,0.94,Instance2,821,-35,170,0.06
Object5636,Instance1,657,-44,50,0.16,Instance2,657,-32,50,0.84
Object5637,Instance1,697,-40,20,0.93,Instance2,697,-23,20,0.07
Object5638,Instance1,660,-45,110,0.21,Instance2,660,-14,110,0.79
Object5639,Instance1,474,-48,110,0.1,Instance2,474,-23,110,0.9
Object5640,Instance1,773,-28,180,0.98,Instance2,773,-3,180,0.02
Object5641,Instance1,756,-32,130,0.86,Instance2,756,-1,130,0.14
Object5642,Instance1,20,-47,70,0.66,Instance2,20,-1,70,0.34
Object5643,Instance1,771,-37,160,0.44,Instance2,771,-48,160,0.56
Object5644,Instance1,81,-19,120,0.06,Instance2,81,-15,120,0.94
Object5645,Instance1,111,-20,200,0.08,Instance2,111,-11,200,0.92
Object5646,Instance1,206,-12,50,0.89,Instance2,206,-35,50,0.11
Object5647,Instance1,299,-39,160,0.52,Instance2,299,-17,160,0.48
Object5648,Instance1,556,-45,190,1.0,Instance2,556,-45,190,0.0
Object5649,Instance1,272,-26,150,0.29,Instance2,272,-4,150,0.71
Object5650,Instance1,325,-7,110,0.29,Instance2,325,-16,110,0.71
Object5651,Instance1,531,-33,120,0.49,Instance2,531,-15,120,0.51
Object5652,Instance1,664,-25,200,0.16,Instance2,664,-28,200,0.84
Object5653,Instance1,167,-5,20,0.29,Instance2,167,-36,20,0.71
Object5654,Instance1,678,-16,150,0.98,Instance2,678,-22,150,0.02
Object5655,Instance1,249,-6,170,0.32,Instance2,249,-15,170,0.68
Object5656,Instance1,226,-2,60,0.34,Instance2,226,-12,60,0.66
Object5657,Instance1,934,-2,200,0.82,Instance2,934,-7,200,0.18
Object5658,Instance1,190,-20,170,0.54,Instance2,190,-5,170,0.46
Object5659,Instance1,818,-26,150,0.62,Instance2,818,-3,150,0.38
Object5660,Instance1,986,-29,110,0.48,Instance2,986,-10,110,0.52
Object5661,Instance1,414,-8,120,0.36,Instance2,414,-23,120,0.64
Object5662,Instance1,994,-3,20,0.11,Instance2,994,-15,20,0.89
Object5663,Instance1,298,-6,10,0.11,Instance2,298,-29,10,0.89
Object5664,Instance1,629,-21,200,0.67,Instance2,629,-44,200,0.33
Object5665,Instance1,177,-24,80,0.42,Instance2,177,-6,80,0.58
Object5666,Instance1,814,-9,150,0.86,Instance2,814,-44,150,0.14
Object5667,Instance1,954,-42,110,0.13,Instance2,954,-10,110,0.87
Object5668,Instance1,252,-34,20,0.94,Instance2,252,-34,20,0.06
Object5669,Instance1,896,-9,190,0.37,Instance2,896,-9,190,0.63
Object5670,Instance1,38,-15,30,0.42,Instance2,38,-9,30,0.58
Object5671,Instance1,623,-45,80,0.07,Instance2,623,-10,80,0.93
Object5672,Instance1,243,-39,70,0.95,Instance2,243,-36,70,0.05
Object5673,Instance1,188,-32,190,0.23,Instance2,188,-50,190,0.77
Object5674,Instance1,989,-28,120,0.09,Instance2,989,-50,120,0.91
Object5675,Instance1,558,-23,30,0.7,Instance2,558,-16,30,0.3
Object5676,Instance1,222,-45,160,0.34,Instance2,222,-49,160,0.66
Object5677,Instance1,880,-6,90,0.06,Instance2,880,-38,90,0.94
Object5678,Instance1,583,-30,150,0.27,Instance2,583,-18,150,0.73
Object5679,Instance1,445,-11,120,0.85,Instance2,445,-4,120,0.15
Object5680,Instance1,907,-5,90,0.72,Instance2,907,-14,90,0.28
Object5681,Instance1,446,-41,120,0.69,Instance2,446,-46,120,0.31
Object5682,Instance1,883,-2,40,0.69,Instance2,883,-29,40,0.31
Object5683,Instance1,607,-22,130,0.73,Instance2,607,-44,130,0.27
Object5684,Instance1,914,-36,60,0.4,Instance2,914,-32,60,0.6
Object5685,Instance1,947,-24,160,0.08,Instance2,947,-14,160,0.92
Object5686,Instance1,587,-44,170,0.08,Instance2,587,-11,170,0.92
Object5687,Instance1,998,-3,60,0.1,Instance2,998,-33,60,0.9
Object5688,Instance1,794,-31,130,0.58,Instance2,794,-15,130,0.42
Object5689,Instance1,118,-37,20,0.89,Instance2,118,-24,20,0.11
Object5690,Instance1,657,-14,90,0.67,Instance2,657,-13,90,0.33
Object5691,Instance1,315,-27,180,0.54,Instance2,315,-47,180,0.46
Object5692,Instance1,940,-49,40,0.74,Instance2,940,-49,40,0.26
Object5693,Instance1,302,-47,130,0.12,Instance2,302,-25,130,0.88
Object5694,Instance1,560,-3,160,0.01,Instance2,560,-3,160,0.99
Object5695,Instance1,879,-10,20,0.38,Instance2,879,-32,20,0.62
Object5696,Instance1,702,-21,130,0.48,Instance2,702,-38,130,0.52
Object5697,Instance1,272,-21,190,0.35,Instance2,272,-25,190,0.65
Object5698,Instance1,949,-4,100,0.54,Instance2,949,-18,100,0.46
Object5699,Instance1,376,-13,80,0.24,Instance2,376,-3,80,0.76
Object5700,Instance1,618,-40,160,0.14,Instance2,618,-4,160,0.86
Object5701,Instance1,182,-1,40,0.37,Instance2,182,-30,40,0.63
Object5702,Instance1,792,-24,170,0.25,Instance2,792,-44,170,0.75
Object5703,Instance1,265,-38,10,0.04,Instance2,265,-12,10,0.96
Object5704,Instance1,599,-5,70,0.0,Instance2,599,-31,70,1.0
Object5705,Instance1,948,-5,120,0.92,Instance2,948,-8,120,0.08
Object5706,Instance1,925,-32,200,0.75,Instance2,925,-23,200,0.25
Object5707,Instance1,255,-39,80,0.97,Instance2,255,-48,80,0.03
Object5708,Instance1,855,-29,20,0.02,Instance2,855,-40,20,0.98
Object5709,Instance1,821,-3,70,0.73,Instance2,821,-44,70,0.27
Object5710,Instance1,119,-27,110,0.68,Instance2,119,-23,110,0.32
Object5711,Instance1,221,-4,200,0.24,Instance2,221,-8,200,0.76
Object5712,Instance1,90,-28,50,0.89,Instance2,90,-49,50,0.11
Object5713,Instance1,564,-44,110,0.22,Instance2,564,-48,110,0.78
Object5714,Instance1,505,-45,150,0.14,Instance2,505,-3,150,0.86
Object5715,Instance1,29,-7,70,0.02,Instance2,29,-46,70,0.98
Object5716,Instance1,749,-14,130,0.99,Instance2,749,-40,130,0.01
Object5717,Instance1,431,-36,100,0.4,Instance2,431,-19,100,0.6
Object5718,Instance1,543,-44,70,0.88,Instance2,543,-45,70,0.12
Object5719,Instance1,985,-15,10,0.54,Instance2,985,-13,10,0.46
Object5720,Instance1,535,-22,180,0.47,Instance2,535,-19,180,0.53
Object5721,Instance1,26,-1,70,0.56,Instance2,26,-39,70,0.44
Object5722,Instance1,999,-18,20,0.41,Instance2,999,-13,20,0.59
Object5723,Instance1,732,-34,70,0.29,Instance2,732,-6,70,0.71
Object5724,Instance1,89,-17,70,0.21,Instance2,89,-3,70,0.79
Object5725,Instance1,92,-41,90,0.32,Instance2,92,-29,90,0.68
Object5726,Instance1,263,-48,10,0.05,Instance2,263,-45,10,0.95
Object5727,Instance1,134,-44,100,0.08,Instance2,134,-6,100,0.92
Object5728,Instance1,844,-11,90,0.37,Instance2,844,-13,90,0.63
Object5729,Instance1,192,-50,30,0.7,Instance2,192,-8,30,0.3
Object5730,Instance1,136,-33,180,0.9,Instance2,136,-7,180,0.1
Object5731,Instance1,760,-10,70,0.25,Instance2,760,-11,70,0.75
Object5732,Instance1,800,-27,60,0.45,Instance2,800,-29,60,0.55
Object5733,Instance1,822,-25,40,0.13,Instance2,822,-27,40,0.87
Object5734,Instance1,532,-22,180,0.76,Instance2,532,-49,180,0.24
Object5735,Instance1,309,-9,10,0.21,Instance2,309,-24,10,0.79
Object5736,Instance1,898,-49,200,0.33,Instance2,898,-23,200,0.67
Object5737,Instance1,626,-43,90,0.13,Instance2,626,-29,90,0.87
Object5738,Instance1,419,-4,30,0.24,Instance2,419,-10,30,0.76
Object5739,Instance1,154,-27,180,0.82,Instance2,154,-4,180,0.18
Object5740,Instance1,39,-11,130,0.32,Instance2,39,-14,130,0.68
Object5741,Instance1,157,-7,170,0.76,Instance2,157,-48,170,0.24
Object5742,Instance1,236,-40,110,0.05,Instance2,236,-38,110,0.95
Object5743,Instance1,35,-19,100,0.71,Instance2,35,-29,100,0.29
Object5744,Instance1,275,-22,170,0.24,Instance2,275,-5,170,0.76
Object5745,Instance1,179,-48,200,0.86,Instance2,179,-5,200,0.14
Object5746,Instance1,583,-26,50,0.25,Instance2,583,-11,50,0.75
Object5747,Instance1,500,-24,130,0.68,Instance2,500,-50,130,0.32
Object5748,Instance1,140,-34,170,0.02,Instance2,140,-49,170,0.98
Object5749,Instance1,654,-49,180,0.69,Instance2,654,-4,180,0.31
Object5750,Instance1,183,-34,30,0.53,Instance2,183,-31,30,0.47
Object5751,Instance1,535,-42,50,0.81,Instance2,535,-11,50,0.19
Object5752,Instance1,951,-35,40,0.18,Instance2,951,-29,40,0.82
Object5753,Instance1,869,-7,50,0.71,Instance2,869,-11,50,0.29
Object5754,Instance1,272,-14,200,0.26,Instance2,272,-36,200,0.74
Object5755,Instance1,360,-29,80,0.37,Instance2,360,-45,80,0.63
Object5756,Instance1,217,-19,20,0.06,Instance2,217,-28,20,0.94
Object5757,Instance1,340,-16,10,0.78,Instance2,340,-1,10,0.22
Object5758,Instance1,339,-50,10,0.53,Instance2,339,-5,10,0.47
Object5759,Instance1,523,-6,100,0.8,Instance2,523,-19,100,0.2
Object5760,Instance1,817,-36,60,0.93,Instance2,817,-20,60,0.07
Object5761,Instance1,603,-5,10,0.38,Instance2,603,-43,10,0.62
Object5762,Instance1,690,-35,190,1.0,Instance2,690,-32,190,0.0
Object5763,Instance1,387,-7,130,0.82,Instance2,387,-34,130,0.18
Object5764,Instance1,77,-6,100,0.55,Instance2,77,-21,100,0.45
Object5765,Instance1,462,-21,200,0.82,Instance2,462,-28,200,0.18
Object5766,Instance1,337,-21,70,0.42,Instance2,337,-39,70,0.58
Object5767,Instance1,22,-26,100,0.52,Instance2,22,-27,100,0.48
Object5768,Instance1,874,-28,20,0.15,Instance2,874,-41,20,0.85
Object5769,Instance1,134,-30,10,0.71,Instance2,134,-46,10,0.29
Object5770,Instance1,611,-12,130,0.24,Instance2,611,-47,130,0.76
Object5771,Instance1,656,-40,70,0.94,Instance2,656,-49,70,0.06
Object5772,Instance1,582,-26,20,0.69,Instance2,582,-26,20,0.31
Object5773,Instance1,41,-20,140,0.71,Instance2,41,-33,140,0.29
Object5774,Instance1,969,-30,50,0.88,Instance2,969,-6,50,0.12
Object5775,Instance1,908,-38,170,0.03,Instance2,908,-8,170,0.97
Object5776,Instance1,17,-10,160,0.83,Instance2,17,-15,160,0.17
Object5777,Instance1,240,-33,120,0.4,Instance2,240,-1,120,0.6
Object5778,Instance1,821,-30,120,0.62,Instance2,821,-23,120,0.38
Object5779,Instance1,878,-10,30,0.35,Instance2,878,-2,30,0.65
Object5780,Instance1,245,-15,140,0.25,Instance2,245,-3,140,0.75
Object5781,Instance1,906,-40,160,0.22,Instance2,906,-28,160,0.78
Object5782,Instance1,919,-23,160,0.66,Instance2,919,-44,160,0.34
Object5783,Instance1,826,-24,30,0.99,Instance2,826,-40,30,0.01
Object5784,Instance1,609,-7,50,0.77,Instance2,609,-46,50,0.23
Object5785,Instance1,534,-35,90,0.4,Instance2,534,-15,90,0.6
Object5786,Instance1,870,-49,40,0.21,Instance2,870,-18,40,0.79
Object5787,Instance1,873,-44,200,0.5,Instance2,873,-45,200,0.5
Object5788,Instance1,63,-20,130,0.17,Instance2,63,-6,130,0.83
Object5789,Instance1,328,-23,10,0.32,Instance2,328,-31,10,0.68
Object5790,Instance1,123,-34,170,0.33,Instance2,123,-35,170,0.67
Object5791,Instance1,404,-22,190,0.22,Instance2,404,-9,190,0.78
Object5792,Instance1,286,-40,10,0.93,Instance2,286,-11,10,0.07
Object5793,Instance1,859,-47,140,0.95,Instance2,859,-3,140,0.05
Object5794,Instance1,775,-6,20,0.91,Instance2,775,-11,20,0.09
Object5795,Instance1,218,-48,140,0.13,Instance2,218,-8,140,0.87
Object5796,Instance1,589,-4,180,0.88,Instance2,589,-47,180,0.12
Object5797,Instance1,31,-34,60,0.89,Instance2,31,-27,60,0.11
Object5798,Instance1,978,-41,60,0.09,Instance2,978,-28,60,0.91
Object5799,Instance1,214,-6,20,0.58,Instance2,214,-10,20,0.42
Object5800,Instance1,500,-7,70,0.97,Instance2,500,-36,70,0.03
Object5801,Instance1,853,-9,200,0.87,Instance2,853,-11,200,0.13
Object5802,Instance1,303,-22,110,0.24,Instance2,303,-11,110,0.76
Object5803,Instance1,373,-46,140,0.83,Instance2,373,-18,140,0.17
Object5804,Instance1,872,-28,100,0.76,Instance2,872,-6,100,0.24
Object5805,Instance1,54,-38,70,0.48,Instance2,54,-32,70,0.52
Object5806,Instance1,591,-21,90,0.19,Instance2,591,-26,90,0.81
Object5807,Instance1,27,-6,90,0.95,Instance2,27,-35,90,0.05
Object5808,Instance1,40,-25,120,0.33,Instance2,40,-32,120,0.67
Object5809,Instance1,358,-23,160,0.78,Instance2,358,-38,160,0.22
Object5810,Instance1,62,-28,60,0.38,Instance2,62,-1,60,0.62
Object5811,Instance1,649,-17,70,0.78,Instance2,649,-15,70,0.22
Object5812,Instance1,584,-45,90,0.18,Instance2,584,-21,90,0.82
Object5813,Instance1,506,-36,20,0.23,Instance2,506,-40,20,0.77
Object5814,Instance1,124,-48,170,0.79,Instance2,124,-3,170,0.21
Object5815,Instance1,963,-39,140,0.21,Instance2,963,-40,140,0.79
Object5816,Instance1,364,-46,30,0.41,Instance2,364,-38,30,0.59
Object5817,Instance1,108,-27,10,0.71,Instance2,108,-8,10,0.29
Object5818,Instance1,994,-16,180,0.54,Instance2,994,-13,180,0.46
Object5819,Instance1,645,-1,110,0.87,Instance2,645,-22,110,0.13
Object5820,Instance1,526,-1,60,0.64,Instance2,526,-50,60,0.36
Object5821,Instance1,805,-11,30,0.52,Instance2,805,-43,30,0.48
Object5822,Instance1,887,-13,20,0.94,Instance2,887,-31,20,0.06
Object5823,Instance1,478,-12,110,0.62,Instance2,478,-46,110,0.38
Object5824,Instance1,503,-32,80,0.94,Instance2,503,-3,80,0.06
Object5825,Instance1,135,-44,200,0.49,Instance2,135,-28,200,0.51
Object5826,Instance1,784,-35,100,0.7,Instance2,784,-16,100,0.3
Object5827,Instance1,746,-43,150,0.11,Instance2,746,-9,150,0.89
Object5828,Instance1,473,-20,100,0.58,Instance2,473,-49,100,0.42
Object5829,Instance1,868,-10,80,0.12,Instance2,868,-16,80,0.88
Object5830,Instance1,119,-31,100,0.95,Instance2,119,-10,100,0.05
Object5831,Instance1,202,-25,50,0.53,Instance2,202,-31,50,0.47
Object5832,Instance1,279,-21,190,0.81,Instance2,279,-32,190,0.19
Object5833,Instance1,194,-10,170,0.66,Instance2,194,-17,170,0.34
Object5834,Instance1,750,-14,10,0.32,Instance2,750,-10,10,0.68
Object5835,Instance1,686,-24,130,0.41,Instance2,686,-9,130,0.59
Object5836,Instance1,510,-18,190,0.1,Instance2,510,-14,190,0.9
Object5837,Instance1,571,-4,60,0.5,Instance2,571,-19,60,0.5
Object5838,Instance1,747,-37,70,0.55,Instance2,747,-5,70,0.45
Object5839,Instance1,805,-23,80,0.87,Instance2,805,-22,80,0.13
Object5840,Instance1,745,-23,70,0.58,Instance2,745,-17,70,0.42
Object5841,Instance1,584,-13,100,0.46,Instance2,584,-34,100,0.54
Object5842,Instance1,688,-50,180,0.04,Instance2,688,-8,180,0.96
Object5843,Instance1,349,-46,180,0.53,Instance2,349,-31,180,0.47
Object5844,Instance1,951,-50,130,0.97,Instance2,951,-7,130,0.03
Object5845,Instance1,572,-14,80,0.63,Instance2,572,-11,80,0.37
Object5846,Instance1,44,-1,50,0.22,Instance2,44,-11,50,0.78
Object5847,Instance1,419,-40,150,0.12,Instance2,419,-14,150,0.88
Object5848,Instance1,177,-35,100,0.91,Instance2,177,-22,100,0.09
Object5849,Instance1,479,-46,40,0.91,Instance2,479,-33,40,0.09
Object5850,Instance1,874,-27,90,0.43,Instance2,874,-33,90,0.57
Object5851,Instance1,387,-5,150,0.29,Instance2,387,-24,150,0.71
Object5852,Instance1,654,-7,90,0.77,Instance2,654,-25,90,0.23
Object5853,Instance1,376,-45,40,0.81,Instance2,376,-5,40,0.19
Object5854,Instance1,793,-16,50,0.12,Instance2,793,-43,50,0.88
Object5855,Instance1,491,-37,80,0.13,Instance2,491,-28,80,0.87
Object5856,Instance1,95,-10,50,0.1,Instance2,95,-4,50,0.9
Object5857,Instance1,525,-23,60,0.42,Instance2,525,-36,60,0.58
Object5858,Instance1,994,-2,50,0.59,Instance2,994,-49,50,0.41
Object5859,Instance1,678,-47,40,0.04,Instance2,678,-11,40,0.96
Object5860,Instance1,542,-47,30,0.23,Instance2,542,-16,30,0.77
Object5861,Instance1,992,-43,120,0.65,Instance2,992,-17,120,0.35
Object5862,Instance1,668,-11,140,0.07,Instance2,668,-35,140,0.93
Object5863,Instance1,967,-1,170,0.24,Instance2,967,-7,170,0.76
Object5864,Instance1,123,-44,150,0.76,Instance2,123,-21,150,0.24
Object5865,Instance1,18,-17,10,0.01,Instance2,18,-37,10,0.99
Object5866,Instance1,262,-14,150,0.0,Instance2,262,-11,150,1.0
Object5867,Instance1,428,-29,180,0.07,Instance2,428,-27,180,0.93
Object5868,Instance1,311,-22,140,0.29,Instance2,311,-17,140,0.71
Object5869,Instance1,705,-12,120,0.14,Instance2,705,-10,120,0.86
Object5870,Instance1,574,-50,200,0.79,Instance2,574,-22,200,0.21
Object5871,Instance1,20,-19,50,0.66,Instance2,20,-47,50,0.34
Object5872,Instance1,261,-3,150,0.15,Instance2,261,-19,150,0.85
Object5873,Instance1,94,-1,20,0.43,Instance2,94,-42,20,0.57
Object5874,Instance1,301,-40,190,0.8,Instance2,301,-38,190,0.2
Object5875,Instance1,448,-37,20,0.45,Instance2,448,-24,20,0.55
Object5876,Instance1,259,-25,170,0.4,Instance2,259,-9,170,0.6
Object5877,Instance1,476,-32,130,0.47,Instance2,476,-22,130,0.53
Object5878,Instance1,812,-4,80,0.89,Instance2,812,-40,80,0.11
Object5879,Instance1,380,-13,80,0.73,Instance2,380,-11,80,0.27
Object5880,Instance1,180,-21,50,0.84,Instance2,180,-22,50,0.16
Object5881,Instance1,870,-44,30,0.14,Instance2,870,-37,30,0.86
Object5882,Instance1,580,-2,160,0.59,Instance2,580,-32,160,0.41
Object5883,Instance1,956,-34,10,0.47,Instance2,956,-48,10,0.53
Object5884,Instance1,674,-10,110,0.67,Instance2,674,-24,110,0.33
Object5885,Instance1,425,-27,30,0.06,Instance2,425,-15,30,0.94
Object5886,Instance1,134,-46,10,0.35,Instance2,134,-24,10,0.65
Object5887,Instance1,826,-1,100,0.33,Instance2,826,-8,100,0.67
Object5888,Instance1,284,-37,190,0.84,Instance2,284,-6,190,0.16
Object5889,Instance1,514,-19,170,0.18,Instance2,514,-26,170,0.82
Object5890,Instance1,66,-42,20,0.86,Instance2,66,-33,20,0.14
Object5891,Instance1,839,-32,160,0.67,Instance2,839,-8,160,0.33
Object5892,Instance1,946,-3,170,1.0,Instance2,946,-49,170,0.0
Object5893,Instance1,562,-20,10,0.82,Instance2,562,-6,10,0.18
Object5894,Instance1,894,-23,160,0.95,Instance2,894,-9,160,0.05
Object5895,Instance1,5,-26,30,0.31,Instance2,5,-7,30,0.69
Object5896,Instance1,553,-46,200,0.64,Instance2,553,-34,200,0.36
Object5897,Instance1,234,-46,170,0.85,Instance2,234,-30,170,0.15
Object5898,Instance1,643,-5,70,0.87,Instance2,643,-21,70,0.13
Object5899,Instance1,648,-44,10,0.47,Instance2,648,-21,10,0.53
Object5900,Instance1,424,-12,170,0.02,Instance2,424,-10,170,0.98
Object5901,Instance1,990,-47,10,0.78,Instance2,990,-20,10,0.22
Object5902,Instance1,491,-1,100,0.5,Instance2,491,-34,100,0.5
Object5903,Instance1,721,-17,10,0.76,Instance2,721,-8,10,0.24
Object5904,Instance1,152,-11,70,0.3,Instance2,152,-23,70,0.7
Object5905,Instance1,782,-1,100,0.4,Instance2,782,-38,100,0.6
Object5906,Instance1,413,-2,130,0.87,Instance2,413,-50,130,0.13
Object5907,Instance1,850,-8,190,0.11,Instance2,850,-25,190,0.89
Object5908,Instance1,855,-11,40,0.06,Instance2,855,-5,40,0.94
Object5909,Instance1,293,-3,30,0.12,Instance2,293,-28,30,0.88
Object5910,Instance1,593,-36,80,0.94,Instance2,593,-46,80,0.06
Object5911,Instance1,852,-1,200,0.06,Instance2,852,-44,200,0.94
Object5912,Instance1,549,-44,20,0.93,Instance2,549,-44,20,0.07
Object5913,Instance1,91,-39,10,0.67,Instance2,91,-35,10,0.33
Object5914,Instance1,780,-37,30,0.55,Instance2,780,-16,30,0.45
Object5915,Instance1,334,-10,190,0.01,Instance2,334,-29,190,0.99
Object5916,Instance1,788,-36,120,0.08,Instance2,788,-5,120,0.92
Object5917,Instance1,803,-35,60,0.03,Instance2,803,-10,60,0.97
Object5918,Instance1,376,-41,190,0.87,Instance2,376,-42,190,0.13
Object5919,Instance1,118,-2,100,0.75,Instance2,118,-49,100,0.25
Object5920,Instance1,296,-29,30,0.26,Instance2,296,-50,30,0.74
Object5921,Instance1,221,-37,130,0.22,Instance2,221,-14,130,0.78
Object5922,Instance1,985,-31,40,0.85,Instance2,985,-3,40,0.15
Object5923,Instance1,66,-18,80,0.73,Instance2,66,-49,80,0.27
Object5924,Instance1,135,-16,50,0.48,Instance2,135,-2,50,0.52
Object5925,Instance1,430,-21,90,0.26,Instance2,430,-19,90,0.74
Object5926,Instance1,299,-31,20,0.44,Instance2,299,-19,20,0.56
Object5927,Instance1,312,-12,160,0.93,Instance2,312,-41,160,0.07
Object5928,Instance1,630,-42,40,0.34,Instance2,630,-35,40,0.66
Object5929,Instance1,323,-15,60,0.77,Instance2,323,-17,60,0.23
Object5930,Instance1,239,-40,80,0.74,Instance2,239,-12,80,0.26
Object5931,Instance1,652,-13,40,0.04,Instance2,652,-8,40,0.96
Object5932,Instance1,965,-16,40,0.59,Instance2,965,-43,40,0.41
Object5933,Instance1,617,-39,60,0.66,Instance2,617,-9,60,0.34
Object5934,Instance1,547,-46,90,0.53,Instance2,547,-30,90,0.47
Object5935,Instance1,777,-32,170,0.1,Instance2,777,-24,170,0.9
Object5936,Instance1,335,-7,150,0.24,Instance2,335,-21,150,0.76
Object5937,Instance1,395,-49,60,0.58,Instance2,395,-12,60,0.42
Object5938,Instance1,654,-35,110,0.39,Instance2,654,-37,110,0.61
Object5939,Instance1,320,-14,70,0.88,Instance2,320,-27,70,0.12
Object5940,Instance1,341,-16,200,0.07,Instance2,341,-18,200,0.93
Object5941,Instance1,139,-13,180,0.55,Instance2,139,-40,180,0.45
Object5942,Instance1,270,-50,150,0.75,Instance2,270,-39,150,0.25
Object5943,Instance1,753,-8,200,0.81,Instance2,753,-46,200,0.19
Object5944,Instance1,171,-17,170,0.84,Instance2,171,-17,170,0.16
Object5945,Instance1,889,-30,20,0.69,Instance2,889,-16,20,0.31
Object5946,Instance1,924,-24,100,0.67,Instance2,924,-4,100,0.33
Object5947,Instance1,806,-8,170,0.3,Instance2,806,-30,170,0.7
Object5948,Instance1,686,-7,180,0.3,Instance2,686,-7,180,0.7
Object5949,Instance1,740,-42,110,0.84,Instance2,740,-37,110,0.16
Object5950,Instance1,209,-11,130,0.93,Instance2,209,-44,130,0.07
Object5951,Instance1,343,-26,110,0.4,Instance2,343,-49,110,0.6
Object5952,Instance1,338,-31,150,0.21,Instance2,338,-28,150,0.79
Object5953,Instance1,949,-47,200,0.86,Instance2,949,-47,200,0.14
Object5954,Instance1,259,-30,50,0.77,Instance2,259,-29,50,0.23
Object5955,Instance1,566,-33,80,0.0,Instance2,566,-41,80,1.0
Object5956,Instance1,558,-39,50,0.6,Instance2,558,-33,50,0.4
Object5957,Instance1,91,-6,30,0.08,Instance2,91,-39,30,0.92
Object5958,Instance1,362,-11,120,0.78,Instance2,362,-38,120,0.22
Object5959,Instance1,260,-40,190,0.29,Instance2,260,-27,190,0.71
Object5960,Instance1,759,-47,120,0.2,Instance2,759,-1,120,0.8
Object5961,Instance1,428,-6,80,0.78,Instance2,428,-3,80,0.22
Object5962,Instance1,391,-33,40,0.36,Instance2,391,-4,40,0.64
Object5963,Instance1,965,-33,110,0.87,Instance2,965,-2,110,0.13
Object5964,Instance1,141,-31,180,0.81,Instance2,141,-36,180,0.19
Object5965,Instance1,686,-39,90,0.46,Instance2,686,-30,90,0.54
Object5966,Instance1,952,-19,190,0.15,Instance2,952,-5,190,0.85
Object5967,Instance1,967,-33,50,0.84,Instance2,967,-15,50,0.16
Object5968,Instance1,904,-39,170,0.09,Instance2,904,-45,170,0.91
Object5969,Instance1,442,-5,100,0.61,Instance2,442,-25,100,0.39
Object5970,Instance1,109,-28,180,0.86,Instance2,109,-8,180,0.14
Object5971,Instance1,504,-19,70,0.23,Instance2,504,-13,70,0.77
Object5972,Instance1,616,-21,160,0.63,Instance2,616,-37,160,0.37
Object5973,Instance1,650,-46,180,0.75,Instance2,650,-17,180,0.25
Object5974,Instance1,876,-17,140,0.55,Instance2,876,-26,140,0.45
Object5975,Instance1,206,-4,130,0.8,Instance2,206,-23,130,0.2
Object5976,Instance1,171,-10,150,0.62,Instance2,171,-10,150,0.38
Object5977,Instance1,255,-11,80,0.06,Instance2,255,-34,80,0.94
Object5978,Instance1,224,-13,40,0.68,Instance2,224,-31,40,0.32
Object5979,Instance1,6,-10,190,0.2,Instance2,6,-15,190,0.8
Object5980,Instance1,957,-42,30,0.02,Instance2,957,-33,30,0.98
Object5981,Instance1,942,-37,140,0.23,Instance2,942,-32,140,0.77
Object5982,Instance1,816,-9,90,0.26,Instance2,816,-9,90,0.74
Object5983,Instance1,1000,-11,50,0.72,Instance2,1000,-11,50,0.28
Object5984,Instance1,47,-18,110,0.57,Instance2,47,-29,110,0.43
Object5985,Instance1,930,-26,120,0.4,Instance2,930,-16,120,0.6
Object5986,Instance1,500,-50,190,0.17,Instance2,500,-24,190,0.83
Object5987,Instance1,251,-29,140,0.14,Instance2,251,-50,140,0.86
Object5988,Instance1,435,-21,10,0.52,Instance2,435,-28,10,0.48
Object5989,Instance1,955,-13,160,0.15,Instance2,955,-26,160,0.85
Object5990,Instance1,543,-45,80,0.6,Instance2,543,-33,80,0.4
Object5991,Instance1,301,-32,60,0.58,Instance2,301,-21,60,0.42
Object5992,Instance1,324,-26,80,0.35,Instance2,324,-45,80,0.65
Object5993,Instance1,467,-15,190,0.86,Instance2,467,-48,190,0.14
Object5994,Instance1,79,-21,130,0.68,Instance2,79,-5,130,0.32
Object5995,Instance1,151,-40,170,0.67,Instance2,151,-14,170,0.33
Object5996,Instance1,867,-46,50,0.27,Instance2,867,-17,50,0.73
Object5997,Instance1,898,-45,30,0.1,Instance2,898,-32,30,0.9
Object5998,Instance1,567,-28,190,0.88,Instance2,567,-11,190,0.12
Object5999,Instance1,376,-10,10,0.88,Instance2,376,-8,10,0.12
Object6000,Instance1,18,-43,160,0.81,Instance2,18,-42,160,0.19
Object6001,Instance1,470,-32,60,0.75,Instance2,470,-13,60,0.25
Object6002,Instance1,811,-36,110,0.95,Instance2,811,-41,110,0.05
Object6003,Instance1,246,-32,70,0.2,Instance2,246,-46,70,0.8
Object6004,Instance1,67,-33,150,0.56,Instance2,67,-39,150,0.44
Object6005,Instance1,142,-13,160,0.77,Instance2,142,-30,160,0.23
Object6006,Instance1,425,-10,180,0.64,Instance2,425,-45,180,0.36
Object6007,Instance1,58,-17,20,0.82,Instance2,58,-14,20,0.18
Object6008,Instance1,226,-1,20,0.53,Instance2,226,-47,20,0.47
Object6009,Instance1,989,-23,110,0.97,Instance2,989,-32,110,0.03
Object6010,Instance1,770,-50,20,0.35,Instance2,770,-35,20,0.65
Object6011,Instance1,396,-33,100,0.77,Instance2,396,-50,100,0.23
Object6012,Instance1,178,-37,150,0.3,Instance2,178,-4,150,0.7
Object6013,Instance1,230,-38,70,0.75,Instance2,230,-2,70,0.25
Object6014,Instance1,565,-31,90,0.4,Instance2,565,-29,90,0.6
Object6015,Instance1,30,-6,160,0.91,Instance2,30,-40,160,0.09
Object6016,Instance1,556,-14,120,0.75,Instance2,556,-20,120,0.25
Object6017,Instance1,649,-31,180,0.04,Instance2,649,-22,180,0.96
Object6018,Instance1,617,-31,50,0.46,Instance2,617,-34,50,0.54
Object6019,Instance1,848,-41,160,0.04,Instance2,848,-23,160,0.96
Object6020,Instance1,863,-48,150,0.2,Instance2,863,-1,150,0.8
Object6021,Instance1,929,-45,160,0.29,Instance2,929,-2,160,0.71
Object6022,Instance1,291,-37,10,0.04,Instance2,291,-20,10,0.96
Object6023,Instance1,220,-24,50,0.26,Instance2,220,-42,50,0.74
Object6024,Instance1,889,-4,20,0.72,Instance2,889,-38,20,0.28
Object6025,Instance1,560,-6,150,0.9,Instance2,560,-17,150,0.1
Object6026,Instance1,480,-18,160,0.09,Instance2,480,-27,160,0.91
Object6027,Instance1,107,-16,120,0.67,Instance2,107,-2,120,0.33
Object6028,Instance1,920,-21,170,0.81,Instance2,920,-25,170,0.19
Object6029,Instance1,574,-31,110,0.16,Instance2,574,-32,110,0.84
Object6030,Instance1,589,-16,160,0.19,Instance2,589,-13,160,0.81
Object6031,Instance1,680,-15,70,0.4,Instance2,680,-9,70,0.6
Object6032,Instance1,882,-26,160,0.36,Instance2,882,-1,160,0.64
Object6033,Instance1,624,-4,60,0.53,Instance2,624,-5,60,0.47
Object6034,Instance1,47,-3,120,0.83,Instance2,47,-20,120,0.17
Object6035,Instance1,59,-10,110,0.24,Instance2,59,-11,110,0.76
Object6036,Instance1,625,-50,160,0.54,Instance2,625,-2,160,0.46
Object6037,Instance1,638,-2,10,0.01,Instance2,638,-4,10,0.99
Object6038,Instance1,142,-23,30,0.7,Instance2,142,-11,30,0.3
Object6039,Instance1,590,-4,170,0.13,Instance2,590,-3,170,0.87
Object6040,Instance1,614,-22,200,0.56,Instance2,614,-23,200,0.44
Object6041,Instance1,796,-43,40,0.75,Instance2,796,-12,40,0.25
Object6042,Instance1,988,-14,180,0.42,Instance2,988,-42,180,0.58
Object6043,Instance1,741,-50,160,0.5,Instance2,741,-2,160,0.5
Object6044,Instance1,249,-36,150,0.1,Instance2,249,-32,150,0.9
Object6045,Instance1,652,-16,40,0.61,Instance2,652,-24,40,0.39
Object6046,Instance1,443,-28,140,0.42,Instance2,443,-10,140,0.58
Object6047,Instance1,680,-6,150,0.16,Instance2,680,-37,150,0.84
Object6048,Instance1,893,-29,140,0.76,Instance2,893,-21,140,0.24
Object6049,Instance1,288,-1,10,0.64,Instance2,288,-9,10,0.36
Object6050,Instance1,385,-7,130,0.3,Instance2,385,-23,130,0.7
Object6051,Instance1,201,-30,200,0.09,Instance2,201,-21,200,0.91
Object6052,Instance1,340,-19,10,0.26,Instance2,340,-17,10,0.74
Object6053,Instance1,318,-4,70,0.1,Instance2,318,-38,70,0.9
Object6054,Instance1,123,-43,80,0.5,Instance2,123,-50,80,0.5
Object6055,Instance1,307,-32,30,0.46,Instance2,307,-44,30,0.54
Object6056,Instance1,64,-21,20,0.03,Instance2,64,-40,20,0.97
Object6057,Instance1,505,-39,20,0.45,Instance2,505,-13,20,0.55
Object6058,Instance1,255,-25,150,0.4,Instance2,255,-3,150,0.6
Object6059,Instance1,910,-12,200,0.21,Instance2,910,-35,200,0.79
Object6060,Instance1,239,-23,10,0.92,Instance2,239,-20,10,0.08
Object6061,Instance1,370,-2,200,0.86,Instance2,370,-45,200,0.14
Object6062,Instance1,624,-37,120,0.91,Instance2,624,-14,120,0.09
Object6063,Instance1,763,-23,60,0.89,Instance2,763,-41,60,0.11
Object6064,Instance1,9,-26,70,0.05,Instance2,9,-42,70,0.95
Object6065,Instance1,278,-50,100,0.29,Instance2,278,-14,100,0.71
Object6066,Instance1,851,-30,180,0.32,Instance2,851,-20,180,0.68
Object6067,Instance1,116,-40,140,0.09,Instance2,116,-40,140,0.91
Object6068,Instance1,428,-33,130,0.14,Instance2,428,-15,130,0.86
Object6069,Instance1,769,-18,170,1.0,Instance2,769,-34,170,0.0
Object6070,Instance1,447,-41,110,0.31,Instance2,447,-9,110,0.69
Object6071,Instance1,852,-37,50,0.74,Instance2,852,-32,50,0.26
Object6072,Instance1,906,-25,200,0.59,Instance2,906,-24,200,0.41
Object6073,Instance1,117,-12,110,0.81,Instance2,117,-1,110,0.19
Object6074,Instance1,786,-37,10,0.34,Instance2,786,-4,10,0.66
Object6075,Instance1,596,-47,140,0.63,Instance2,596,-29,140,0.37
Object6076,Instance1,469,-42,130,0.72,Instance2,469,-14,130,0.28
Object6077,Instance1,567,-4,140,0.12,Instance2,567,-45,140,0.88
Object6078,Instance1,379,-5,140,0.18,Instance2,379,-31,140,0.82
Object6079,Instance1,292,-16,10,0.12,Instance2,292,-22,10,0.88
Object6080,Instance1,766,-37,180,0.27,Instance2,766,-24,180,0.73
Object6081,Instance1,964,-18,70,0.86,Instance2,964,-49,70,0.14
Object6082,Instance1,362,-2,20,0.8,Instance2,362,-48,20,0.2
Object6083,Instance1,749,-24,80,0.65,Instance2,749,-11,80,0.35
Object6084,Instance1,585,-48,190,0.33,Instance2,585,-40,190,0.67
Object6085,Instance1,47,-34,190,0.44,Instance2,47,-32,190,0.56
Object6086,Instance1,419,-22,110,0.85,Instance2,419,-31,110,0.15
Object6087,Instance1,728,-11,50,0.77,Instance2,728,-28,50,0.23
Object6088,Instance1,776,-25,90,0.09,Instance2,776,-5,90,0.91
Object6089,Instance1,276,-23,140,0.96,Instance2,276,-13,140,0.04
Object6090,Instance1,650,-12,170,0.25,Instance2,650,-49,170,0.75
Object6091,Instance1,77,-18,70,0.17,Instance2,77,-11,70,0.83
Object6092,Instance1,856,-33,120,0.54,Instance2,856,-25,120,0.46
Object6093,Instance1,88,-43,70,0.24,Instance2,88,-12,70,0.76
Object6094,Instance1,548,-35,90,1.0,Instance2,548,-14,90,0.0
Object6095,Instance1,480,-36,150,0.36,Instance2,480,-43,150,0.64
Object6096,Instance1,68,-38,150,0.5,Instance2,68,-23,150,0.5
Object6097,Instance1,60,-13,80,0.34,Instance2,60,-47,80,0.66
Object6098,Instance1,469,-45,120,0.75,Instance2,469,-48,120,0.25
Object6099,Instance1,191,-15,140,0.59,Instance2,191,-24,140,0.41
Object6100,Instance1,897,-17,20,0.03,Instance2,897,-49,20,0.97
Object6101,Instance1,469,-49,80,0.54,Instance2,469,-45,80,0.46
Object6102,Instance1,368,-45,120,0.24,Instance2,368,-7,120,0.76
Object6103,Instance1,623,-42,70,0.93,Instance2,623,-48,70,0.07
Object6104,Instance1,295,-10,40,0.81,Instance2,295,-19,40,0.19
Object6105,Instance1,727,-43,40,0.84,Instance2,727,-34,40,0.16
Object6106,Instance1,644,-18,20,0.55,Instance2,644,-16,20,0.45
Object6107,Instance1,814,-42,140,0.42,Instance2,814,-38,140,0.58
Object6108,Instance1,913,-31,120,0.46,Instance2,913,-8,120,0.54
Object6109,Instance1,882,-44,30,0.49,Instance2,882,-15,30,0.51
Object6110,Instance1,998,-36,110,0.35,Instance2,998,-26,110,0.65
Object6111,Instance1,415,-12,160,0.27,Instance2,415,-35,160,0.73
Object6112,Instance1,556,-7,180,0.35,Instance2,556,-33,180,0.65
Object6113,Instance1,389,-27,120,0.54,Instance2,389,-32,120,0.46
Object6114,Instance1,234,-11,80,0.71,Instance2,234,-41,80,0.29
Object6115,Instance1,760,-42,180,0.63,Instance2,760,-7,180,0.37
Object6116,Instance1,63,-2,110,0.35,Instance2,63,-43,110,0.65
Object6117,Instance1,719,-44,10,0.1,Instance2,719,-45,10,0.9
Object6118,Instance1,897,-25,60,0.14,Instance2,897,-32,60,0.86
Object6119,Instance1,327,-10,190,0.51,Instance2,327,-39,190,0.49
Object6120,Instance1,751,-36,70,0.15,Instance2,751,-14,70,0.85
Object6121,Instance1,487,-42,110,0.52,Instance2,487,-28,110,0.48
Object6122,Instance1,773,-35,110,0.61,Instance2,773,-14,110,0.39
Object6123,Instance1,964,-32,50,0.26,Instance2,964,-26,50,0.74
Object6124,Instance1,608,-30,70,0.49,Instance2,608,-23,70,0.51
Object6125,Instance1,618,-26,50,0.43,Instance2,618,-27,50,0.57
Object6126,Instance1,508,-41,160,0.73,Instance2,508,-4,160,0.27
Object6127,Instance1,771,-6,170,0.98,Instance2,771,-38,170,0.02
Object6128,Instance1,139,-17,170,0.05,Instance2,139,-46,170,0.95
Object6129,Instance1,604,-4,70,0.3,Instance2,604,-17,70,0.7
Object6130,Instance1,213,-12,200,0.46,Instance2,213,-34,200,0.54
Object6131,Instance1,489,-50,80,0.9,Instance2,489,-45,80,0.1
Object6132,Instance1,660,-30,90,0.47,Instance2,660,-38,90,0.53
Object6133,Instance1,563,-46,150,0.82,Instance2,563,-45,150,0.18
Object6134,Instance1,652,-21,70,0.15,Instance2,652,-31,70,0.85
Object6135,Instance1,797,-24,80,0.51,Instance2,797,-18,80,0.49
Object6136,Instance1,517,-15,130,0.59,Instance2,517,-19,130,0.41
Object6137,Instance1,115,-44,80,0.43,Instance2,115,-22,80,0.57
Object6138,Instance1,102,-14,10,0.79,Instance2,102,-34,10,0.21
Object6139,Instance1,751,-16,50,0.28,Instance2,751,-6,50,0.72
Object6140,Instance1,941,-47,150,0.27,Instance2,941,-15,150,0.73
Object6141,Instance1,832,-44,130,0.35,Instance2,832,-32,130,0.65
Object6142,Instance1,48,-23,90,0.22,Instance2,48,-14,90,0.78
Object6143,Instance1,544,-5,70,0.97,Instance2,544,-21,70,0.03
Object6144,Instance1,448,-10,10,0.08,Instance2,448,-22,10,0.92
Object6145,Instance1,689,-28,190,0.42,Instance2,689,-14,190,0.58
Object6146,Instance1,252,-46,160,0.29,Instance2,252,-9,160,0.71
Object6147,Instance1,411,-44,130,0.28,Instance2,411,-28,130,0.72
Object6148,Instance1,440,-38,90,0.63,Instance2,440,-45,90,0.37
Object6149,Instance1,141,-40,80,0.63,Instance2,141,-25,80,0.37
Object6150,Instance1,980,-32,30,0.83,Instance2,980,-38,30,0.17
Object6151,Instance1,700,-21,10,0.18,Instance2,700,-25,10,0.82
Object6152,Instance1,605,-4,200,0.52,Instance2,605,-40,200,0.48
Object6153,Instance1,614,-36,170,0.21,Instance2,614,-38,170,0.79
Object6154,Instance1,85,-48,120,0.3,Instance2,85,-3,120,0.7
Object6155,Instance1,880,-22,120,0.8,Instance2,880,-17,120,0.2
Object6156,Instance1,478,-26,180,0.32,Instance2,478,-13,180,0.68
Object6157,Instance1,379,-44,40,0.41,Instance2,379,-43,40,0.59
Object6158,Instance1,414,-26,130,0.38,Instance2,414,-37,130,0.62
Object6159,Instance1,534,-14,110,0.15,Instance2,534,-8,110,0.85
Object6160,Instance1,382,-45,40,0.59,Instance2,382,-36,40,0.41
Object6161,Instance1,343,-21,140,0.19,Instance2,343,-17,140,0.81
Object6162,Instance1,451,-39,190,0.74,Instance2,451,-36,190,0.26
Object6163,Instance1,983,-24,20,0.34,Instance2,983,-31,20,0.66
Object6164,Instance1,616,-14,120,0.04,Instance2,616,-7,120,0.96
Object6165,Instance1,979,-29,200,0.48,Instance2,979,-29,200,0.52
Object6166,Instance1,42,-9,140,0.94,Instance2,42,-19,140,0.06
Object6167,Instance1,759,-13,80,0.87,Instance2,759,-6,80,0.13
Object6168,Instance1,649,-28,90,0.06,Instance2,649,-36,90,0.94
Object6169,Instance1,551,-12,50,0.07,Instance2,551,-8,50,0.93
Object6170,Instance1,65,-21,130,0.26,Instance2,65,-21,130,0.74
Object6171,Instance1,905,-38,60,0.25,Instance2,905,-19,60,0.75
Object6172,Instance1,587,-12,90,0.13,Instance2,587,-47,90,0.87
Object6173,Instance1,935,-46,80,0.17,Instance2,935,-2,80,0.83
Object6174,Instance1,404,-28,10,0.1,Instance2,404,-21,10,0.9
Object6175,Instance1,817,-32,170,0.06,Instance2,817,-31,170,0.94
Object6176,Instance1,653,-8,90,0.28,Instance2,653,-39,90,0.72
Object6177,Instance1,206,-43,40,0.15,Instance2,206,-4,40,0.85
Object6178,Instance1,985,-17,80,0.27,Instance2,985,-9,80,0.73
Object6179,Instance1,150,-32,140,0.17,Instance2,150,-33,140,0.83
Object6180,Instance1,576,-4,110,0.13,Instance2,576,-18,110,0.87
Object6181,Instance1,337,-45,180,0.08,Instance2,337,-9,180,0.92
Object6182,Instance1,152,-22,10,0.15,Instance2,152,-42,10,0.85
Object6183,Instance1,574,-22,120,0.17,Instance2,574,-16,120,0.83
Object6184,Instance1,273,-41,110,0.9,Instance2,273,-29,110,0.1
Object6185,Instance1,509,-49,50,0.87,Instance2,509,-5,50,0.13
Object6186,Instance1,727,-34,50,0.82,Instance2,727,-15,50,0.18
Object6187,Instance1,195,-31,60,0.64,Instance2,195,-40,60,0.36
Object6188,Instance1,420,-14,90,0.75,Instance2,420,-28,90,0.25
Object6189,Instance1,279,-37,170,0.27,Instance2,279,-39,170,0.73
Object6190,Instance1,533,-27,140,0.99,Instance2,533,-5,140,0.01
Object6191,Instance1,921,-3,140,0.48,Instance2,921,-31,140,0.52
Object6192,Instance1,454,-3,140,0.25,Instance2,454,-26,140,0.75
Object6193,Instance1,130,-13,160,0.54,Instance2,130,-1,160,0.46
Object6194,Instance1,524,-35,10,0.5,Instance2,524,-49,10,0.5
Object6195,Instance1,628,-10,170,0.18,Instance2,628,-47,170,0.82
Object6196,Instance1,108,-48,120,0.19,Instance2,108,-29,120,0.81
Object6197,Instance1,592,-33,120,0.59,Instance2,592,-21,120,0.41
Object6198,Instance1,235,-17,130,0.15,Instance2,235,-23,130,0.85
Object6199,Instance1,202,-36,120,0.62,Instance2,202,-34,120,0.38
Object6200,Instance1,587,-20,80,0.17,Instance2,587,-15,80,0.83
Object6201,Instance1,509,-43,10,0.18,Instance2,509,-43,10,0.82
Object6202,Instance1,243,-49,110,0.58,Instance2,243,-49,110,0.42
Object6203,Instance1,444,-18,150,0.27,Instance2,444,-24,150,0.73
Object6204,Instance1,941,-18,60,0.6,Instance2,941,-40,60,0.4
Object6205,Instance1,630,-16,170,0.67,Instance2,630,-33,170,0.33
Object6206,Instance1,397,-30,120,0.7,Instance2,397,-35,120,0.3
Object6207,Instance1,671,-29,190,0.34,Instance2,671,-20,190,0.66
Object6208,Instance1,204,-37,70,0.21,Instance2,204,-38,70,0.79
Object6209,Instance1,14,-45,200,0.74,Instance2,14,-45,200,0.26
Object6210,Instance1,629,-42,50,0.42,Instance2,629,-19,50,0.58
Object6211,Instance1,135,-9,120,0.41,Instance2,135,-7,120,0.59
Object6212,Instance1,827,-8,200,0.04,Instance2,827,-37,200,0.96
Object6213,Instance1,396,-21,180,0.91,Instance2,396,-34,180,0.09
Object6214,Instance1,557,-17,50,0.92,Instance2,557,-10,50,0.08
Object6215,Instance1,895,-11,130,0.4,Instance2,895,-48,130,0.6
Object6216,Instance1,257,-39,40,0.11,Instance2,257,-31,40,0.89
Object6217,Instance1,914,-36,70,0.76,Instance2,914,-9,70,0.24
Object6218,Instance1,993,-2,160,0.14,Instance2,993,-6,160,0.86
Object6219,Instance1,988,-20,40,0.34,Instance2,988,-38,40,0.66
Object6220,Instance1,479,-11,120,0.89,Instance2,479,-17,120,0.11
Object6221,Instance1,542,-6,80,0.55,Instance2,542,-12,80,0.45
Object6222,Instance1,14,-47,160,0.13,Instance2,14,-43,160,0.87
Object6223,Instance1,820,-14,90,0.52,Instance2,820,-10,90,0.48
Object6224,Instance1,781,-48,150,0.73,Instance2,781,-25,150,0.27
Object6225,Instance1,527,-3,140,0.38,Instance2,527,-39,140,0.62
Object6226,Instance1,788,-44,50,0.88,Instance2,788,-33,50,0.12
Object6227,Instance1,32,-40,50,0.21,Instance2,32,-42,50,0.79
Object6228,Instance1,186,-29,180,0.7,Instance2,186,-11,180,0.3
Object6229,Instance1,534,-36,70,0.46,Instance2,534,-15,70,0.54
Object6230,Instance1,5,-37,170,0.21,Instance2,5,-32,170,0.79
Object6231,Instance1,645,-12,80,0.94,Instance2,645,-37,80,0.06
Object6232,Instance1,496,-16,40,0.61,Instance2,496,-39,40,0.39
Object6233,Instance1,579,-14,110,0.52,Instance2,579,-49,110,0.48
Object6234,Instance1,353,-46,180,0.36,Instance2,353,-41,180,0.64
Object6235,Instance1,654,-10,120,0.74,Instance2,654,-37,120,0.26
Object6236,Instance1,931,-1,130,0.3,Instance2,931,-27,130,0.7
Object6237,Instance1,724,-48,200,0.76,Instance2,724,-6,200,0.24
Object6238,Instance1,565,-36,90,0.47,Instance2,565,-20,90,0.53
Object6239,Instance1,989,-50,100,0.14,Instance2,989,-44,100,0.86
Object6240,Instance1,264,-37,140,0.22,Instance2,264,-3,140,0.78
Object6241,Instance1,270,-38,100,0.31,Instance2,270,-14,100,0.69
Object6242,Instance1,865,-24,70,0.77,Instance2,865,-37,70,0.23
Object6243,Instance1,573,-40,20,0.49,Instance2,573,-47,20,0.51
Object6244,Instance1,955,-12,200,0.23,Instance2,955,-16,200,0.77
Object6245,Instance1,519,-39,20,0.39,Instance2,519,-21,20,0.61
Object6246,Instance1,395,-26,170,0.54,Instance2,395,-9,170,0.46
Object6247,Instance1,439,-16,30,0.11,Instance2,439,-17,30,0.89
Object6248,Instance1,436,-18,110,0.47,Instance2,436,-22,110,0.53
Object6249,Instance1,480,-49,70,0.77,Instance2,480,-39,70,0.23
Object6250,Instance1,894,-40,110,0.67,Instance2,894,-45,110,0.33
Object6251,Instance1,226,-40,120,0.72,Instance2,226,-11,120,0.28
Object6252,Instance1,196,-8,60,0.12,Instance2,196,-47,60,0.88
Object6253,Instance1,502,-50,90,0.03,Instance2,502,-29,90,0.97
Object6254,Instance1,988,-8,160,0.64,Instance2,988,-42,160,0.36
Object6255,Instance1,523,-9,80,0.67,Instance2,523,-46,80,0.33
Object6256,Instance1,266,-48,110,0.38,Instance2,266,-24,110,0.62
Object6257,Instance1,614,-10,190,0.12,Instance2,614,-1,190,0.88
Object6258,Instance1,86,-10,20,0.29,Instance2,86,-20,20,0.71
Object6259,Instance1,396,-5,10,0.33,Instance2,396,-39,10,0.67
Object6260,Instance1,573,-49,120,0.82,Instance2,573,-12,120,0.18
Object6261,Instance1,651,-36,30,0.36,Instance2,651,-32,30,0.64
Object6262,Instance1,359,-31,150,0.26,Instance2,359,-15,150,0.74
Object6263,Instance1,615,-37,30,0.27,Instance2,615,-25,30,0.73
Object6264,Instance1,373,-38,70,0.9,Instance2,373,-48,70,0.1
Object6265,Instance1,190,-39,170,0.41,Instance2,190,-10,170,0.59
Object6266,Instance1,645,-39,80,0.39,Instance2,645,-49,80,0.61
Object6267,Instance1,654,-20,190,0.39,Instance2,654,-32,190,0.61
Object6268,Instance1,870,-35,190,1.0,Instance2,870,-49,190,0.0
Object6269,Instance1,924,-22,130,0.75,Instance2,924,-23,130,0.25
Object6270,Instance1,285,-16,100,0.58,Instance2,285,-8,100,0.42
Object6271,Instance1,464,-13,10,0.71,Instance2,464,-29,10,0.29
Object6272,Instance1,210,-47,30,0.28,Instance2,210,-48,30,0.72
Object6273,Instance1,757,-16,180,0.49,Instance2,757,-30,180,0.51
Object6274,Instance1,753,-46,180,0.45,Instance2,753,-48,180,0.55
Object6275,Instance1,966,-29,190,0.38,Instance2,966,-45,190,0.62
Object6276,Instance1,449,-7,40,0.89,Instance2,449,-44,40,0.11
Object6277,Instance1,547,-50,110,0.32,Instance2,547,-50,110,0.68
Object6278,Instance1,353,-4,120,0.35,Instance2,353,-15,120,0.65
Object6279,Instance1,911,-32,40,0.97,Instance2,911,-7,40,0.03
Object6280,Instance1,730,-41,200,0.16,Instance2,730,-21,200,0.84
Object6281,Instance1,248,-34,160,0.6,Instance2,248,-45,160,0.4
Object6282,Instance1,537,-15,150,0.45,Instance2,537,-4,150,0.55
Object6283,Instance1,725,-11,10,0.66,Instance2,725,-5,10,0.34
Object6284,Instance1,381,-15,20,0.24,Instance2,381,-17,20,0.76
Object6285,Instance1,522,-35,170,0.63,Instance2,522,-22,170,0.37
Object6286,Instance1,45,-7,160,0.47,Instance2,45,-9,160,0.53
Object6287,Instance1,125,-38,30,0.21,Instance2,125,-41,30,0.79
Object6288,Instance1,854,-10,150,0.13,Instance2,854,-39,150,0.87
Object6289,Instance1,549,-19,40,0.35,Instance2,549,-11,40,0.65
Object6290,Instance1,416,-7,10,0.18,Instance2,416,-27,10,0.82
Object6291,Instance1,484,-38,10,0.69,Instance2,484,-46,10,0.31
Object6292,Instance1,884,-32,90,0.74,Instance2,884,-3,90,0.26
Object6293,Instance1,479,-28,10,0.98,Instance2,479,-32,10,0.02
Object6294,Instance1,422,-2,130,0.1,Instance2,422,-23,130,0.9
Object6295,Instance1,27,-20,190,0.98,Instance2,27,-13,190,0.02
Object6296,Instance1,533,-21,100,0.28,Instance2,533,-9,100,0.72
Object6297,Instance1,501,-3,100,0.18,Instance2,501,-5,100,0.82
Object6298,Instance1,976,-28,170,0.24,Instance2,976,-19,170,0.76
Object6299,Instance1,515,-6,90,0.22,Instance2,515,-25,90,0.78
Object6300,Instance1,237,-11,120,0.55,Instance2,237,-35,120,0.45
Object6301,Instance1,560,-32,50,0.01,Instance2,560,-42,50,0.99
Object6302,Instance1,162,-18,40,0.95,Instance2,162,-39,40,0.05
Object6303,Instance1,260,-20,120,0.48,Instance2,260,-5,120,0.52
Object6304,Instance1,197,-25,180,0.29,Instance2,197,-47,180,0.71
Object6305,Instance1,241,-6,80,0.07,Instance2,241,-2,80,0.93
Object6306,Instance1,240,-45,20,0.96,Instance2,240,-3,20,0.04
Object6307,Instance1,602,-34,200,0.6,Instance2,602,-1,200,0.4
Object6308,Instance1,927,-20,20,0.79,Instance2,927,-15,20,0.21
Object6309,Instance1,950,-25,110,0.85,Instance2,950,-33,110,0.15
Object6310,Instance1,774,-29,170,0.95,Instance2,774,-26,170,0.05
Object6311,Instance1,403,-21,170,0.61,Instance2,403,-11,170,0.39
Object6312,Instance1,169,-9,160,0.07,Instance2,169,-34,160,0.93
Object6313,Instance1,842,-22,150,0.71,Instance2,842,-35,150,0.29
Object6314,Instance1,66,-47,160,0.26,Instance2,66,-22,160,0.74
Object6315,Instance1,971,-28,30,0.25,Instance2,971,-27,30,0.75
Object6316,Instance1,170,-38,200,0.86,Instance2,170,-43,200,0.14
Object6317,Instance1,191,-9,150,0.67,Instance2,191,-41,150,0.33
Object6318,Instance1,84,-40,130,0.74,Instance2,84,-30,130,0.26
Object6319,Instance1,875,-39,110,0.23,Instance2,875,-3,110,0.77
Object6320,Instance1,179,-27,100,0.66,Instance2,179,-43,100,0.34
Object6321,Instance1,25,-18,170,0.06,Instance2,25,-17,170,0.94
Object6322,Instance1,509,-10,40,0.28,Instance2,509,-32,40,0.72
Object6323,Instance1,690,-37,180,0.32,Instance2,690,-34,180,0.68
Object6324,Instance1,926,-34,200,0.83,Instance2,926,-16,200,0.17
Object6325,Instance1,370,-14,130,0.82,Instance2,370,-25,130,0.18
Object6326,Instance1,325,-35,30,0.9,Instance2,325,-2,30,0.1
Object6327,Instance1,66,-27,190,0.42,Instance2,66,-44,190,0.58
Object6328,Instance1,832,-44,150,0.54,Instance2,832,-16,150,0.46
Object6329,Instance1,492,-37,70,0.82,Instance2,492,-25,70,0.18
Object6330,Instance1,672,-2,40,0.89,Instance2,672,-12,40,0.11
Object6331,Instance1,774,-11,70,0.93,Instance2,774,-17,70,0.07
Object6332,Instance1,537,-10,70,0.99,Instance2,537,-13,70,0.01
Object6333,Instance1,663,-32,170,0.41,Instance2,663,-50,170,0.59
Object6334,Instance1,638,-50,110,0.76,Instance2,638,-36,110,0.24
Object6335,Instance1,828,-19,200,0.39,Instance2,828,-42,200,0.61
Object6336,Instance1,789,-39,100,0.1,Instance2,789,-7,100,0.9
Object6337,Instance1,359,-11,20,0.78,Instance2,359,-9,20,0.22
Object6338,Instance1,343,-30,130,0.74,Instance2,343,-41,130,0.26
Object6339,Instance1,576,-4,130,0.91,Instance2,576,-38,130,0.09
Object6340,Instance1,457,-14,80,0.74,Instance2,457,-26,80,0.26
Object6341,Instance1,688,-37,60,0.44,Instance2,688,-50,60,0.56
Object6342,Instance1,420,-43,110,0.89,Instance2,420,-38,110,0.11
Object6343,Instance1,597,-47,20,0.92,Instance2,597,-44,20,0.08
Object6344,Instance1,96,-45,30,0.82,Instance2,96,-44,30,0.18
Object6345,Instance1,399,-10,120,0.36,Instance2,399,-25,120,0.64
Object6346,Instance1,732,-3,170,0.65,Instance2,732,-7,170,0.35
Object6347,Instance1,256,-23,90,0.93,Instance2,256,-32,90,0.07
Object6348,Instance1,946,-45,70,0.37,Instance2,946,-15,70,0.63
Object6349,Instance1,611,-6,190,0.77,Instance2,611,-7,190,0.23
Object6350,Instance1,187,-39,200,0.25,Instance2,187,-16,200,0.75
Object6351,Instance1,958,-45,70,0.04,Instance2,958,-47,70,0.96
Object6352,Instance1,61,-40,190,0.9,Instance2,61,-34,190,0.1
Object6353,Instance1,246,-49,110,0.32,Instance2,246,-48,110,0.68
Object6354,Instance1,201,-49,70,0.71,Instance2,201,-36,70,0.29
Object6355,Instance1,869,-46,160,0.24,Instance2,869,-28,160,0.76
Object6356,Instance1,281,-6,170,0.25,Instance2,281,-6,170,0.75
Object6357,Instance1,525,-22,200,0.89,Instance2,525,-10,200,0.11
Object6358,Instance1,428,-13,60,0.62,Instance2,428,-50,60,0.38
Object6359,Instance1,824,-42,190,0.41,Instance2,824,-45,190,0.59
Object6360,Instance1,857,-21,40,0.54,Instance2,857,-32,40,0.46
Object6361,Instance1,268,-1,190,0.29,Instance2,268,-12,190,0.71
Object6362,Instance1,92,-22,90,0.2,Instance2,92,-34,90,0.8
Object6363,Instance1,611,-24,130,0.55,Instance2,611,-32,130,0.45
Object6364,Instance1,931,-15,50,0.32,Instance2,931,-22,50,0.68
Object6365,Instance1,721,-26,190,0.77,Instance2,721,-13,190,0.23
Object6366,Instance1,876,-25,200,0.31,Instance2,876,-16,200,0.69
Object6367,Instance1,133,-14,10,0.55,Instance2,133,-45,10,0.45
Object6368,Instance1,583,-2,120,0.44,Instance2,583,-27,120,0.56
Object6369,Instance1,317,-20,170,0.38,Instance2,317,-22,170,0.62
Object6370,Instance1,612,-23,180,0.14,Instance2,612,-16,180,0.86
Object6371,Instance1,559,-1,160,0.14,Instance2,559,-27,160,0.86
Object6372,Instance1,943,-30,20,0.05,Instance2,943,-8,20,0.95
Object6373,Instance1,680,-48,140,0.74,Instance2,680,-31,140,0.26
Object6374,Instance1,81,-14,30,0.3,Instance2,81,-6,30,0.7
Object6375,Instance1,753,-22,120,0.37,Instance2,753,-34,120,0.63
Object6376,Instance1,187,-34,40,0.95,Instance2,187,-49,40,0.05
Object6377,Instance1,301,-40,30,0.66,Instance2,301,-25,30,0.34
Object6378,Instance1,506,-33,120,0.84,Instance2,506,-38,120,0.16
Object6379,Instance1,642,-46,140,0.82,Instance2,642,-7,140,0.18
Object6380,Instance1,791,-10,160,0.85,Instance2,791,-15,160,0.15
Object6381,Instance1,965,-12,90,0.13,Instance2,965,-11,90,0.87
Object6382,Instance1,883,-33,130,0.16,Instance2,883,-49,130,0.84
Object6383,Instance1,879,-34,40,0.34,Instance2,879,-35,40,0.66
Object6384,Instance1,303,-32,40,0.3,Instance2,303,-48,40,0.7
Object6385,Instance1,542,-43,90,0.74,Instance2,542,-49,90,0.26
Object6386,Instance1,748,-13,110,0.25,Instance2,748,-20,110,0.75
Object6387,Instance1,481,-20,200,0.07,Instance2,481,-35,200,0.93
Object6388,Instance1,562,-36,150,0.21,Instance2,562,-30,150,0.79
Object6389,Instance1,580,-37,200,0.68,Instance2,580,-2,200,0.32
Object6390,Instance1,993,-1,100,0.94,Instance2,993,-27,100,0.06
Object6391,Instance1,564,-3,60,0.48,Instance2,564,-25,60,0.52
Object6392,Instance1,937,-50,10,0.94,Instance2,937,-32,10,0.06
Object6393,Instance1,426,-13,140,0.78,Instance2,426,-6,140,0.22
Object6394,Instance1,522,-3,160,0.03,Instance2,522,-44,160,0.97
Object6395,Instance1,719,-28,20,0.57,Instance2,719,-25,20,0.43
Object6396,Instance1,810,-21,80,0.64,Instance2,810,-10,80,0.36
Object6397,Instance1,219,-30,160,0.98,Instance2,219,-46,160,0.02
Object6398,Instance1,879,-32,80,0.13,Instance2,879,-39,80,0.87
Object6399,Instance1,409,-41,60,0.25,Instance2,409,-32,60,0.75
Object6400,Instance1,997,-11,100,0.33,Instance2,997,-48,100,0.67
Object6401,Instance1,674,-25,70,0.66,Instance2,674,-21,70,0.34
Object6402,Instance1,858,-49,140,0.97,Instance2,858,-25,140,0.03
Object6403,Instance1,982,-43,10,0.94,Instance2,982,-17,10,0.06
Object6404,Instance1,644,-30,120,0.09,Instance2,644,-13,120,0.91
Object6405,Instance1,350,-50,140,0.24,Instance2,350,-16,140,0.76
Object6406,Instance1,196,-19,10,0.53,Instance2,196,-49,10,0.47
Object6407,Instance1,148,-7,160,1.0,Instance2,148,-44,160,0.0
Object6408,Instance1,135,-42,30,0.56,Instance2,135,-20,30,0.44
Object6409,Instance1,222,-27,90,0.99,Instance2,222,-19,90,0.01
Object6410,Instance1,216,-47,200,0.23,Instance2,216,-9,200,0.77
Object6411,Instance1,78,-27,200,0.74,Instance2,78,-1,200,0.26
Object6412,Instance1,901,-2,200,0.43,Instance2,901,-47,200,0.57
Object6413,Instance1,259,-4,70,0.77,Instance2,259,-12,70,0.23
Object6414,Instance1,544,-38,90,0.3,Instance2,544,-16,90,0.7
Object6415,Instance1,197,-7,180,0.34,Instance2,197,-35,180,0.66
Object6416,Instance1,158,-17,80,0.58,Instance2,158,-14,80,0.42
Object6417,Instance1,732,-2,200,0.37,Instance2,732,-11,200,0.63
Object6418,Instance1,642,-18,190,0.54,Instance2,642,-11,190,0.46
Object6419,Instance1,869,-31,40,0.45,Instance2,869,-26,40,0.55
Object6420,Instance1,453,-3,200,0.98,Instance2,453,-4,200,0.02
Object6421,Instance1,686,-21,40,0.37,Instance2,686,-4,40,0.63
Object6422,Instance1,352,-2,120,0.84,Instance2,352,-11,120,0.16
Object6423,Instance1,122,-50,30,0.17,Instance2,122,-39,30,0.83
Object6424,Instance1,514,-43,120,0.46,Instance2,514,-16,120,0.54
Object6425,Instance1,589,-41,200,0.35,Instance2,589,-13,200,0.65
Object6426,Instance1,544,-46,90,0.56,Instance2,544,-2,90,0.44
Object6427,Instance1,916,-4,90,0.81,Instance2,916,-45,90,0.19
Object6428,Instance1,400,-21,170,0.7,Instance2,400,-48,170,0.3
Object6429,Instance1,586,-29,100,0.96,Instance2,586,-47,100,0.04
Object6430,Instance1,79,-22,60,0.76,Instance2,79,-26,60,0.24
Object6431,Instance1,673,-10,180,0.62,Instance2,673,-27,180,0.38
Object6432,Instance1,765,-9,150,0.74,Instance2,765,-15,150,0.26
Object6433,Instance1,443,-3,140,0.87,Instance2,443,-1,140,0.13
Object6434,Instance1,556,-31,100,0.61,Instance2,556,-24,100,0.39
Object6435,Instance1,523,-34,90,0.58,Instance2,523,-6,90,0.42
Object6436,Instance1,413,-38,90,0.6,Instance2,413,-43,90,0.4
Object6437,Instance1,791,-11,20,0.84,Instance2,791,-14,20,0.16
Object6438,Instance1,76,-32,70,0.86,Instance2,76,-2,70,0.14
Object6439,Instance1,720,-2,30,0.12,Instance2,720,-19,30,0.88
Object6440,Instance1,857,-14,140,0.63,Instance2,857,-24,140,0.37
Object6441,Instance1,492,-5,60,0.4,Instance2,492,-22,60,0.6
Object6442,Instance1,407,-11,180,0.64,Instance2,407,-9,180,0.36
Object6443,Instance1,827,-37,190,0.54,Instance2,827,-17,190,0.46
Object6444,Instance1,245,-37,70,0.32,Instance2,245,-45,70,0.68
Object6445,Instance1,363,-34,150,0.17,Instance2,363,-4,150,0.83
Object6446,Instance1,824,-8,170,0.3,Instance2,824,-2,170,0.7
Object6447,Instance1,635,-43,40,0.29,Instance2,635,-12,40,0.71
Object6448,Instance1,813,-47,100,0.36,Instance2,813,-20,100,0.64
Object6449,Instance1,350,-43,80,0.73,Instance2,350,-44,80,0.27
Object6450,Instance1,382,-11,200,0.04,Instance2,382,-46,200,0.96
Object6451,Instance1,322,-21,110,0.1,Instance2,322,-34,110,0.9
Object6452,Instance1,147,-40,70,0.32,Instance2,147,-38,70,0.68
Object6453,Instance1,782,-39,50,0.19,Instance2,782,-48,50,0.81
Object6454,Instance1,569,-5,60,0.38,Instance2,569,-46,60,0.62
Object6455,Instance1,913,-26,120,0.15,Instance2,913,-45,120,0.85
Object6456,Instance1,580,-19,170,0.47,Instance2,580,-19,170,0.53
Object6457,Instance1,25,-41,140,0.41,Instance2,25,-32,140,0.59
Object6458,Instance1,329,-44,110,0.62,Instance2,329,-28,110,0.38
Object6459,Instance1,789,-40,190,0.41,Instance2,789,-32,190,0.59
Object6460,Instance1,719,-5,50,0.95,Instance2,719,-3,50,0.05
Object6461,Instance1,88,-7,50,0.26,Instance2,88,-19,50,0.74
Object6462,Instance1,880,-27,190,0.74,Instance2,880,-49,190,0.26
Object6463,Instance1,517,-6,70,0.6,Instance2,517,-13,70,0.4
Object6464,Instance1,49,-49,150,0.92,Instance2,49,-5,150,0.08
Object6465,Instance1,863,-49,30,0.69,Instance2,863,-12,30,0.31
Object6466,Instance1,209,-49,150,0.69,Instance2,209,-7,150,0.31
Object6467,Instance1,335,-33,100,0.96,Instance2,335,-23,100,0.04
Object6468,Instance1,383,-10,30,0.7,Instance2,383,-6,30,0.3
Object6469,Instance1,162,-42,60,0.85,Instance2,162,-12,60,0.15
Object6470,Instance1,324,-7,130,0.97,Instance2,324,-28,130,0.03
Object6471,Instance1,856,-37,140,0.25,Instance2,856,-22,140,0.75
Object6472,Instance1,550,-44,180,0.43,Instance2,550,-22,180,0.57
Object6473,Instance1,132,-24,180,0.2,Instance2,132,-20,180,0.8
Object6474,Instance1,391,-34,170,0.56,Instance2,391,-44,170,0.44
Object6475,Instance1,479,-28,70,0.25,Instance2,479,-28,70,0.75
Object6476,Instance1,286,-46,130,0.9,Instance2,286,-50,130,0.1
Object6477,Instance1,486,-37,140,0.19,Instance2,486,-1,140,0.81
Object6478,Instance1,21,-24,70,0.01,Instance2,21,-28,70,0.99
Object6479,Instance1,449,-29,70,0.35,Instance2,449,-42,70,0.65
Object6480,Instance1,950,-29,60,0.76,Instance2,950,-22,60,0.24
Object6481,Instance1,925,-17,90,0.25,Instance2,925,-8,90,0.75
Object6482,Instance1,705,-17,30,0.86,Instance2,705,-44,30,0.14
Object6483,Instance1,285,-40,80,0.93,Instance2,285,-38,80,0.07
Object6484,Instance1,623,-27,110,0.61,Instance2,623,-31,110,0.39
Object6485,Instance1,144,-11,100,0.89,Instance2,144,-9,100,0.11
Object6486,Instance1,18,-41,190,0.67,Instance2,18,-32,190,0.33
Object6487,Instance1,651,-10,60,0.17,Instance2,651,-41,60,0.83
Object6488,Instance1,319,-9,170,0.37,Instance2,319,-3,170,0.63
Object6489,Instance1,702,-33,60,0.03,Instance2,702,-27,60,0.97
Object6490,Instance1,276,-28,200,0.15,Instance2,276,-27,200,0.85
Object6491,Instance1,890,-12,110,0.13,Instance2,890,-37,110,0.87
Object6492,Instance1,697,-41,140,0.09,Instance2,697,-36,140,0.91
Object6493,Instance1,543,-32,10,0.44,Instance2,543,-17,10,0.56
Object6494,Instance1,690,-19,80,0.39,Instance2,690,-46,80,0.61
Object6495,Instance1,258,-1,100,0.45,Instance2,258,-23,100,0.55
Object6496,Instance1,393,-3,10,0.03,Instance2,393,-28,10,0.97
Object6497,Instance1,944,-48,90,0.77,Instance2,944,-42,90,0.23
Object6498,Instance1,137,-9,110,0.83,Instance2,137,-23,110,0.17
Object6499,Instance1,732,-47,180,0.25,Instance2,732,-41,180,0.75
Object6500,Instance1,798,-22,200,0.7,Instance2,798,-13,200,0.3
Object6501,Instance1,393,-35,80,0.65,Instance2,393,-13,80,0.35
Object6502,Instance1,605,-15,140,0.29,Instance2,605,-8,140,0.71
Object6503,Instance1,285,-12,90,0.47,Instance2,285,-35,90,0.53
Object6504,Instance1,475,-20,190,0.84,Instance2,475,-9,190,0.16
Object6505,Instance1,756,-14,130,0.48,Instance2,756,-41,130,0.52
Object6506,Instance1,150,-30,100,0.2,Instance2,150,-42,100,0.8
Object6507,Instance1,325,-1,80,0.05,Instance2,325,-30,80,0.95
Object6508,Instance1,592,-41,130,0.23,Instance2,592,-27,130,0.77
Object6509,Instance1,428,-13,30,0.71,Instance2,428,-2,30,0.29
Object6510,Instance1,395,-15,100,0.5,Instance2,395,-50,100,0.5
Object6511,Instance1,205,-8,200,0.09,Instance2,205,-45,200,0.91
Object6512,Instance1,21,-40,50,0.73,Instance2,21,-48,50,0.27
Object6513,Instance1,175,-4,80,0.0,Instance2,175,-20,80,1.0
Object6514,Instance1,448,-40,140,0.79,Instance2,448,-27,140,0.21
Object6515,Instance1,327,-27,110,0.16,Instance2,327,-34,110,0.84
Object6516,Instance1,775,-43,70,0.81,Instance2,775,-32,70,0.19
Object6517,Instance1,173,-48,130,0.46,Instance2,173,-21,130,0.54
Object6518,Instance1,2,-15,90,0.4,Instance2,2,-24,90,0.6
Object6519,Instance1,678,-11,150,0.61,Instance2,678,-16,150,0.39
Object6520,Instance1,450,-40,10,0.07,Instance2,450,-33,10,0.93
Object6521,Instance1,411,-3,140,0.4,Instance2,411,-22,140,0.6
Object6522,Instance1,123,-2,150,0.9,Instance2,123,-33,150,0.1
Object6523,Instance1,380,-25,180,0.93,Instance2,380,-32,180,0.07
Object6524,Instance1,236,-46,140,0.28,Instance2,236,-45,140,0.72
Object6525,Instance1,901,-38,30,0.46,Instance2,901,-14,30,0.54
Object6526,Instance1,808,-23,110,0.06,Instance2,808,-4,110,0.94
Object6527,Instance1,881,-2,180,0.53,Instance2,881,-10,180,0.47
Object6528,Instance1,522,-2,170,0.02,Instance2,522,-48,170,0.98
Object6529,Instance1,211,-3,80,0.61,Instance2,211,-1,80,0.39
Object6530,Instance1,210,-34,70,0.76,Instance2,210,-46,70,0.24
Object6531,Instance1,80,-27,80,0.75,Instance2,80,-12,80,0.25
Object6532,Instance1,351,-30,10,0.2,Instance2,351,-17,10,0.8
Object6533,Instance1,934,-32,110,0.6,Instance2,934,-40,110,0.4
Object6534,Instance1,705,-31,200,0.78,Instance2,705,-1,200,0.22
Object6535,Instance1,769,-38,130,0.21,Instance2,769,-3,130,0.79
Object6536,Instance1,371,-20,70,0.28,Instance2,371,-18,70,0.72
Object6537,Instance1,898,-3,160,0.21,Instance2,898,-3,160,0.79
Object6538,Instance1,929,-41,70,0.93,Instance2,929,-31,70,0.07
Object6539,Instance1,39,-13,10,0.55,Instance2,39,-16,10,0.45
Object6540,Instance1,395,-13,50,0.3,Instance2,395,-32,50,0.7
Object6541,Instance1,972,-33,130,0.98,Instance2,972,-47,130,0.02
Object6542,Instance1,700,-36,60,0.11,Instance2,700,-4,60,0.89
Object6543,Instance1,729,-14,90,0.88,Instance2,729,-44,90,0.12
Object6544,Instance1,208,-29,90,0.45,Instance2,208,-12,90,0.55
Object6545,Instance1,237,-5,170,0.33,Instance2,237,-46,170,0.67
Object6546,Instance1,243,-43,200,0.41,Instance2,243,-32,200,0.59
Object6547,Instance1,928,-36,90,0.87,Instance2,928,-20,90,0.13
Object6548,Instance1,953,-24,90,0.76,Instance2,953,-2,90,0.24
Object6549,Instance1,897,-48,140,0.1,Instance2,897,-33,140,0.9
Object6550,Instance1,184,-41,110,0.47,Instance2,184,-22,110,0.53
Object6551,Instance1,262,-45,40,0.34,Instance2,262,-4,40,0.66
Object6552,Instance1,947,-35,120,0.05,Instance2,947,-27,120,0.95
Object6553,Instance1,803,-21,140,0.72,Instance2,803,-3,140,0.28
Object6554,Instance1,24,-12,40,0.69,Instance2,24,-33,40,0.31
Object6555,Instance1,719,-23,190,0.93,Instance2,719,-49,190,0.07
Object6556,Instance1,127,-31,10,0.28,Instance2,127,-44,10,0.72
Object6557,Instance1,989,-47,140,0.61,Instance2,989,-1,140,0.39
Object6558,Instance1,683,-47,20,0.65,Instance2,683,-43,20,0.35
Object6559,Instance1,808,-50,50,0.21,Instance2,808,-11,50,0.79
Object6560,Instance1,715,-19,170,0.84,Instance2,715,-49,170,0.16
Object6561,Instance1,157,-11,140,0.48,Instance2,157,-25,140,0.52
Object6562,Instance1,91,-25,50,0.52,Instance2,91,-15,50,0.48
Object6563,Instance1,982,-47,160,0.34,Instance2,982,-41,160,0.66
Object6564,Instance1,326,-10,160,0.22,Instance2,326,-21,160,0.78
Object6565,Instance1,270,-9,40,0.6,Instance2,270,-38,40,0.4
Object6566,Instance1,423,-25,50,0.27,Instance2,423,-25,50,0.73
Object6567,Instance1,745,-19,190,0.87,Instance2,745,-41,190,0.13
Object6568,Instance1,964,-31,10,0.1,Instance2,964,-8,10,0.9
Object6569,Instance1,709,-49,120,0.77,Instance2,709,-7,120,0.23
Object6570,Instance1,119,-47,50,0.64,Instance2,119,-6,50,0.36
Object6571,Instance1,492,-32,110,0.71,Instance2,492,-14,110,0.29
Object6572,Instance1,937,-23,30,0.62,Instance2,937,-17,30,0.38
Object6573,Instance1,572,-1,10,0.96,Instance2,572,-49,10,0.04
Object6574,Instance1,689,-46,40,0.72,Instance2,689,-39,40,0.28
Object6575,Instance1,598,-40,40,0.3,Instance2,598,-44,40,0.7
Object6576,Instance1,206,-41,190,0.62,Instance2,206,-35,190,0.38
Object6577,Instance1,931,-6,70,0.33,Instance2,931,-1,70,0.67
Object6578,Instance1,34,-31,180,1.0,Instance2,34,-4,180,0.0
Object6579,Instance1,510,-49,40,0.99,Instance2,510,-27,40,0.01
Object6580,Instance1,339,-20,20,0.91,Instance2,339,-1,20,0.09
Object6581,Instance1,209,-4,10,0.23,Instance2,209,-10,10,0.77
Object6582,Instance1,323,-23,10,0.58,Instance2,323,-4,10,0.42
Object6583,Instance1,682,-14,200,0.93,Instance2,682,-4,200,0.07
Object6584,Instance1,866,-34,50,0.55,Instance2,866,-40,50,0.45
Object6585,Instance1,125,-13,80,0.19,Instance2,125,-9,80,0.81
Object6586,Instance1,578,-30,140,0.16,Instance2,578,-15,140,0.84
Object6587,Instance1,378,-36,10,0.49,Instance2,378,-34,10,0.51
Object6588,Instance1,766,-10,140,0.48,Instance2,766,-42,140,0.52
Object6589,Instance1,526,-35,60,0.71,Instance2,526,-16,60,0.29
Object6590,Instance1,550,-28,30,0.72,Instance2,550,-14,30,0.28
Object6591,Instance1,188,-41,150,0.04,Instance2,188,-43,150,0.96
Object6592,Instance1,732,-3,60,0.41,Instance2,732,-47,60,0.59
Object6593,Instance1,835,-10,120,0.64,Instance2,835,-29,120,0.36
Object6594,Instance1,306,-38,60,0.68,Instance2,306,-11,60,0.32
Object6595,Instance1,519,-1,10,0.75,Instance2,519,-12,10,0.25
Object6596,Instance1,246,-34,100,0.89,Instance2,246,-35,100,0.11
Object6597,Instance1,70,-32,190,0.81,Instance2,70,-9,190,0.19
Object6598,Instance1,284,-8,130,0.43,Instance2,284,-33,130,0.57
Object6599,Instance1,907,-38,110,0.37,Instance2,907,-43,110,0.63
Object6600,Instance1,631,-32,30,0.31,Instance2,631,-37,30,0.69
Object6601,Instance1,210,-45,80,0.98,Instance2,210,-2,80,0.02
Object6602,Instance1,375,-17,140,0.95,Instance2,375,-29,140,0.05
Object6603,Instance1,699,-38,80,0.22,Instance2,699,-38,80,0.78
Object6604,Instance1,628,-31,140,0.16,Instance2,628,-2,140,0.84
Object6605,Instance1,325,-34,130,0.79,Instance2,325,-40,130,0.21
Object6606,Instance1,985,-41,200,0.5,Instance2,985,-48,200,0.5
Object6607,Instance1,277,-10,10,0.52,Instance2,277,-37,10,0.48
Object6608,Instance1,405,-35,150,0.42,Instance2,405,-27,150,0.58
Object6609,Instance1,651,-10,190,0.13,Instance2,651,-2,190,0.87
Object6610,Instance1,228,-50,50,0.24,Instance2,228,-12,50,0.76
Object6611,Instance1,11,-48,90,0.86,Instance2,11,-50,90,0.14
Object6612,Instance1,604,-23,50,0.78,Instance2,604,-14,50,0.22
Object6613,Instance1,491,-39,40,0.47,Instance2,491,-3,40,0.53
Object6614,Instance1,896,-17,20,0.93,Instance2,896,-28,20,0.07
Object6615,Instance1,881,-11,140,0.35,Instance2,881,-44,140,0.65
Object6616,Instance1,391,-16,180,0.8,Instance2,391,-15,180,0.2
Object6617,Instance1,927,-14,90,0.37,Instance2,927,-18,90,0.63
Object6618,Instance1,292,-38,140,0.41,Instance2,292,-10,140,0.59
Object6619,Instance1,646,-23,110,0.19,Instance2,646,-16,110,0.81
Object6620,Instance1,500,-10,40,0.87,Instance2,500,-13,40,0.13
Object6621,Instance1,92,-29,50,0.33,Instance2,92,-37,50,0.67
Object6622,Instance1,792,-45,150,0.1,Instance2,792,-24,150,0.9
Object6623,Instance1,387,-43,160,0.92,Instance2,387,-7,160,0.08
Object6624,Instance1,726,-17,60,0.35,Instance2,726,-38,60,0.65
Object6625,Instance1,610,-29,40,0.35,Instance2,610,-43,40,0.65
Object6626,Instance1,206,-28,120,0.97,Instance2,206,-49,120,0.03
Object6627,Instance1,4,-21,50,0.77,Instance2,4,-1,50,0.23
Object6628,Instance1,760,-36,190,0.1,Instance2,760,-46,190,0.9
Object6629,Instance1,537,-3,110,0.03,Instance2,537,-29,110,0.97
Object6630,Instance1,633,-29,120,0.79,Instance2,633,-16,120,0.21
Object6631,Instance1,541,-41,90,0.8,Instance2,541,-48,90,0.2
Object6632,Instance1,98,-15,200,0.75,Instance2,98,-38,200,0.25
Object6633,Instance1,601,-12,80,0.4,Instance2,601,-6,80,0.6
Object6634,Instance1,235,-33,100,0.41,Instance2,235,-30,100,0.59
Object6635,Instance1,308,-11,140,0.21,Instance2,308,-13,140,0.79
Object6636,Instance1,304,-3,120,0.42,Instance2,304,-13,120,0.58
Object6637,Instance1,812,-37,140,0.06,Instance2,812,-29,140,0.94
Object6638,Instance1,728,-18,160,0.21,Instance2,728,-46,160,0.79
Object6639,Instance1,121,-36,100,0.16,Instance2,121,-14,100,0.84
Object6640,Instance1,898,-23,20,0.56,Instance2,898,-6,20,0.44
Object6641,Instance1,735,-38,100,0.54,Instance2,735,-33,100,0.46
Object6642,Instance1,395,-33,160,0.45,Instance2,395,-1,160,0.55
Object6643,Instance1,550,-3,50,0.26,Instance2,550,-2,50,0.74
Object6644,Instance1,539,-2,100,0.63,Instance2,539,-5,100,0.37
Object6645,Instance1,317,-24,80,0.42,Instance2,317,-13,80,0.58
Object6646,Instance1,733,-36,70,0.83,Instance2,733,-11,70,0.17
Object6647,Instance1,390,-10,40,0.43,Instance2,390,-49,40,0.57
Object6648,Instance1,104,-29,80,0.34,Instance2,104,-19,80,0.66
Object6649,Instance1,817,-19,80,0.62,Instance2,817,-27,80,0.38
Object6650,Instance1,486,-11,160,0.36,Instance2,486,-49,160,0.64
Object6651,Instance1,648,-9,200,0.7,Instance2,648,-33,200,0.3
Object6652,Instance1,776,-47,30,0.97,Instance2,776,-32,30,0.03
Object6653,Instance1,420,-23,30,0.15,Instance2,420,-39,30,0.85
Object6654,Instance1,644,-41,70,0.29,Instance2,644,-29,70,0.71
Object6655,Instance1,265,-39,40,0.69,Instance2,265,-35,40,0.31
Object6656,Instance1,949,-15,60,0.8,Instance2,949,-15,60,0.2
Object6657,Instance1,184,-15,130,0.19,Instance2,184,-7,130,0.81
Object6658,Instance1,133,-11,60,0.47,Instance2,133,-41,60,0.53
Object6659,Instance1,279,-21,160,0.64,Instance2,279,-35,160,0.36
Object6660,Instance1,731,-26,130,0.14,Instance2,731,-44,130,0.86
Object6661,Instance1,33,-26,130,0.38,Instance2,33,-5,130,0.62
Object6662,Instance1,256,-8,190,0.55,Instance2,256,-26,190,0.45
Object6663,Instance1,511,-46,140,0.13,Instance2,511,-35,140,0.87
Object6664,Instance1,706,-19,20,0.14,Instance2,706,-10,20,0.86
Object6665,Instance1,669,-24,110,0.82,Instance2,669,-39,110,0.18
Object6666,Instance1,23,-10,50,0.06,Instance2,23,-26,50,0.94
Object6667,Instance1,9,-20,10,0.7,Instance2,9,-26,10,0.3
Object6668,Instance1,227,-35,70,0.57,Instance2,227,-41,70,0.43
Object6669,Instance1,644,-44,20,0.94,Instance2,644,-25,20,0.06
Object6670,Instance1,208,-1,140,0.79,Instance2,208,-5,140,0.21
Object6671,Instance1,556,-31,160,0.64,Instance2,556,-12,160,0.36
Object6672,Instance1,477,-38,150,0.2,Instance2,477,-26,150,0.8
Object6673,Instance1,89,-4,10,0.49,Instance2,89,-7,10,0.51
Object6674,Instance1,463,-50,100,0.06,Instance2,463,-46,100,0.94
Object6675,Instance1,460,-29,140,0.07,Instance2,460,-46,140,0.93
Object6676,Instance1,730,-3,150,0.41,Instance2,730,-17,150,0.59
Object6677,Instance1,662,-20,90,0.85,Instance2,662,-30,90,0.15
Object6678,Instance1,170,-9,200,0.11,Instance2,170,-35,200,0.89
Object6679,Instance1,803,-27,170,0.29,Instance2,803,-6,170,0.71
Object6680,Instance1,761,-31,120,0.34,Instance2,761,-30,120,0.66
Object6681,Instance1,660,-5,140,0.06,Instance2,660,-10,140,0.94
Object6682,Instance1,682,-4,160,0.48,Instance2,682,-38,160,0.52
Object6683,Instance1,59,-6,110,0.52,Instance2,59,-47,110,0.48
Object6684,Instance1,849,-30,30,0.28,Instance2,849,-36,30,0.72
Object6685,Instance1,209,-16,30,0.81,Instance2,209,-21,30,0.19
Object6686,Instance1,5,-23,130,0.32,Instance2,5,-43,130,0.68
Object6687,Instance1,828,-18,20,0.11,Instance2,828,-1,20,0.89
Object6688,Instance1,842,-33,40,0.63,Instance2,842,-9,40,0.37
Object6689,Instance1,272,-26,170,0.86,Instance2,272,-21,170,0.14
Object6690,Instance1,848,-28,50,0.96,Instance2,848,-18,50,0.04
Object6691,Instance1,233,-36,170,0.81,Instance2,233,-30,170,0.19
Object6692,Instance1,520,-17,50,0.37,Instance2,520,-47,50,0.63
Object6693,Instance1,452,-43,80,0.66,Instance2,452,-2,80,0.34
Object6694,Instance1,701,-12,120,0.34,Instance2,701,-5,120,0.66
Object6695,Instance1,177,-3,50,0.79,Instance2,177,-23,50,0.21
Object6696,Instance1,90,-14,200,0.59,Instance2,90,-39,200,0.41
Object6697,Instance1,22,-6,200,0.78,Instance2,22,-40,200,0.22
Object6698,Instance1,887,-3,100,0.6,Instance2,887,-45,100,0.4
Object6699,Instance1,312,-27,70,0.47,Instance2,312,-7,70,0.53
Object6700,Instance1,838,-23,60,0.73,Instance2,838,-18,60,0.27
Object6701,Instance1,912,-3,30,0.75,Instance2,912,-38,30,0.25
Object6702,Instance1,988,-26,70,0.43,Instance2,988,-13,70,0.57
Object6703,Instance1,533,-25,140,0.31,Instance2,533,-40,140,0.69
Object6704,Instance1,752,-13,180,0.82,Instance2,752,-28,180,0.18
Object6705,Instance1,188,-50,80,0.95,Instance2,188,-21,80,0.05
Object6706,Instance1,891,-40,50,0.86,Instance2,891,-39,50,0.14
Object6707,Instance1,89,-36,60,0.51,Instance2,89,-45,60,0.49
Object6708,Instance1,458,-19,70,0.57,Instance2,458,-6,70,0.43
Object6709,Instance1,595,-3,160,0.05,Instance2,595,-13,160,0.95
Object6710,Instance1,342,-34,180,0.73,Instance2,342,-35,180,0.27
Object6711,Instance1,202,-44,130,0.99,Instance2,202,-20,130,0.01
Object6712,Instance1,337,-10,90,0.95,Instance2,337,-7,90,0.05
Object6713,Instance1,660,-16,190,0.54,Instance2,660,-21,190,0.46
Object6714,Instance1,508,-20,70,0.76,Instance2,508,-39,70,0.24
Object6715,Instance1,689,-34,130,0.08,Instance2,689,-33,130,0.92
Object6716,Instance1,261,-36,90,0.96,Instance2,261,-40,90,0.04
Object6717,Instance1,616,-11,80,0.44,Instance2,616,-12,80,0.56
Object6718,Instance1,854,-19,30,0.55,Instance2,854,-12,30,0.45
Object6719,Instance1,367,-14,180,0.15,Instance2,367,-33,180,0.85
Object6720,Instance1,475,-34,190,0.93,Instance2,475,-12,190,0.07
Object6721,Instance1,463,-6,190,0.96,Instance2,463,-33,190,0.04
Object6722,Instance1,218,-46,20,0.73,Instance2,218,-10,20,0.27
Object6723,Instance1,244,-1,200,0.54,Instance2,244,-5,200,0.46
Object6724,Instance1,499,-31,190,0.98,Instance2,499,-36,190,0.02
Object6725,Instance1,131,-31,50,0.79,Instance2,131,-32,50,0.21
Object6726,Instance1,55,-7,140,0.49,Instance2,55,-39,140,0.51
Object6727,Instance1,545,-11,90,0.6,Instance2,545,-44,90,0.4
Object6728,Instance1,474,-29,170,0.62,Instance2,474,-46,170,0.38
Object6729,Instance1,56,-45,80,0.22,Instance2,56,-2,80,0.78
Object6730,Instance1,812,-49,130,0.79,Instance2,812,-48,130,0.21
Object6731,Instance1,864,-34,70,0.12,Instance2,864,-35,70,0.88
Object6732,Instance1,720,-10,20,0.61,Instance2,720,-37,20,0.39
Object6733,Instance1,699,-32,150,0.27,Instance2,699,-16,150,0.73
Object6734,Instance1,963,-29,40,0.35,Instance2,963,-22,40,0.65
Object6735,Instance1,379,-49,140,0.96,Instance2,379,-27,140,0.04
Object6736,Instance1,104,-20,190,0.29,Instance2,104,-28,190,0.71
Object6737,Instance1,924,-5,10,0.42,Instance2,924,-44,10,0.58
Object6738,Instance1,618,-35,10,0.86,Instance2,618,-48,10,0.14
Object6739,Instance1,147,-10,140,0.04,Instance2,147,-40,140,0.96
Object6740,Instance1,436,-2,180,0.45,Instance2,436,-48,180,0.55
Object6741,Instance1,833,-46,60,0.3,Instance2,833,-19,60,0.7
Object6742,Instance1,273,-28,150,0.16,Instance2,273,-11,150,0.84
Object6743,Instance1,732,-30,60,0.9,Instance2,732,-19,60,0.1
Object6744,Instance1,947,-31,10,0.54,Instance2,947,-38,10,0.46
Object6745,Instance1,146,-30,70,0.27,Instance2,146,-23,70,0.73
Object6746,Instance1,156,-22,120,0.59,Instance2,156,-36,120,0.41
Object6747,Instance1,310,-9,160,0.73,Instance2,310,-38,160,0.27
Object6748,Instance1,46,-43,180,0.99,Instance2,46,-38,180,0.01
Object6749,Instance1,722,-25,180,0.42,Instance2,722,-5,180,0.58
Object6750,Instance1,404,-26,10,0.91,Instance2,404,-7,10,0.09
Object6751,Instance1,776,-18,60,0.94,Instance2,776,-33,60,0.06
Object6752,Instance1,288,-33,50,0.07,Instance2,288,-3,50,0.93
Object6753,Instance1,220,-38,50,0.0,Instance2,220,-40,50,1.0
Object6754,Instance1,718,-27,110,0.25,Instance2,718,-9,110,0.75
Object6755,Instance1,308,-19,70,0.18,Instance2,308,-38,70,0.82
Object6756,Instance1,906,-20,170,0.69,Instance2,906,-37,170,0.31
Object6757,Instance1,969,-13,40,0.3,Instance2,969,-3,40,0.7
Object6758,Instance1,555,-26,20,0.13,Instance2,555,-26,20,0.87
Object6759,Instance1,934,-17,100,0.44,Instance2,934,-24,100,0.56
Object6760,Instance1,71,-39,30,0.08,Instance2,71,-20,30,0.92
Object6761,Instance1,545,-40,40,0.15,Instance2,545,-21,40,0.85
Object6762,Instance1,972,-20,90,0.89,Instance2,972,-45,90,0.11
Object6763,Instance1,482,-19,170,1.0,Instance2,482,-8,170,0.0
Object6764,Instance1,666,-17,80,0.58,Instance2,666,-29,80,0.42
Object6765,Instance1,864,-39,30,0.34,Instance2,864,-20,30,0.66
Object6766,Instance1,551,-9,10,0.27,Instance2,551,-12,10,0.73
Object6767,Instance1,101,-47,160,0.78,Instance2,101,-4,160,0.22
Object6768,Instance1,807,-24,120,0.67,Instance2,807,-16,120,0.33
Object6769,Instance1,580,-43,40,0.48,Instance2,580,-48,40,0.52
Object6770,Instance1,781,-25,140,0.71,Instance2,781,-42,140,0.29
Object6771,Instance1,603,-31,160,0.1,Instance2,603,-39,160,0.9
Object6772,Instance1,231,-23,60,0.82,Instance2,231,-47,60,0.18
Object6773,Instance1,935,-20,80,0.85,Instance2,935,-30,80,0.15
Object6774,Instance1,422,-36,190,0.33,Instance2,422,-49,190,0.67
Object6775,Instance1,605,-44,200,0.62,Instance2,605,-24,200,0.38
Object6776,Instance1,23,-8,130,0.89,Instance2,23,-22,130,0.11
Object6777,Instance1,681,-29,130,0.46,Instance2,681,-40,130,0.54
Object6778,Instance1,38,-44,60,0.05,Instance2,38,-46,60,0.95
Object6779,Instance1,629,-13,110,0.86,Instance2,629,-15,110,0.14
Object6780,Instance1,227,-32,190,0.35,Instance2,227,-30,190,0.65
Object6781,Instance1,459,-22,60,0.51,Instance2,459,-13,60,0.49
Object6782,Instance1,985,-18,30,0.13,Instance2,985,-24,30,0.87
Object6783,Instance1,633,-42,10,0.31,Instance2,633,-27,10,0.69
Object6784,Instance1,805,-40,160,0.3,Instance2,805,-10,160,0.7
Object6785,Instance1,983,-2,100,0.35,Instance2,983,-4,100,0.65
Object6786,Instance1,869,-46,30,0.85,Instance2,869,-9,30,0.15
Object6787,Instance1,399,-3,80,0.35,Instance2,399,-10,80,0.65
Object6788,Instance1,134,-48,150,0.15,Instance2,134,-28,150,0.85
Object6789,Instance1,381,-21,140,0.27,Instance2,381,-31,140,0.73
Object6790,Instance1,533,-16,40,0.12,Instance2,533,-9,40,0.88
Object6791,Instance1,493,-29,120,0.15,Instance2,493,-48,120,0.85
Object6792,Instance1,244,-22,150,0.87,Instance2,244,-2,150,0.13
Object6793,Instance1,774,-11,150,0.57,Instance2,774,-32,150,0.43
Object6794,Instance1,332,-39,20,0.09,Instance2,332,-46,20,0.91
Object6795,Instance1,793,-37,100,0.17,Instance2,793,-16,100,0.83
Object6796,Instance1,436,-40,190,0.17,Instance2,436,-37,190,0.83
Object6797,Instance1,504,-35,30,0.09,Instance2,504,-50,30,0.91
Object6798,Instance1,886,-16,100,0.14,Instance2,886,-25,100,0.86
Object6799,Instance1,372,-26,150,0.9,Instance2,372,-34,150,0.1
Object6800,Instance1,649,-43,110,0.5,Instance2,649,-44,110,0.5
Object6801,Instance1,739,-9,120,0.36,Instance2,739,-42,120,0.64
Object6802,Instance1,813,-25,60,0.11,Instance2,813,-7,60,0.89
Object6803,Instance1,807,-24,90,0.69,Instance2,807,-32,90,0.31
Object6804,Instance1,102,-45,170,0.92,Instance2,102,-10,170,0.08
Object6805,Instance1,478,-5,200,0.52,Instance2,478,-13,200,0.48
Object6806,Instance1,81,-43,200,0.21,Instance2,81,-37,200,0.79
Object6807,Instance1,283,-48,40,0.71,Instance2,283,-10,40,0.29
Object6808,Instance1,967,-22,180,0.43,Instance2,967,-16,180,0.57
Object6809,Instance1,348,-22,190,0.57,Instance2,348,-29,190,0.43
Object6810,Instance1,16,-7,50,0.56,Instance2,16,-23,50,0.44
Object6811,Instance1,305,-48,110,0.65,Instance2,305,-31,110,0.35
Object6812,Instance1,8,-25,190,0.54,Instance2,8,-41,190,0.46
Object6813,Instance1,558,-30,160,0.22,Instance2,558,-28,160,0.78
Object6814,Instance1,527,-7,70,0.72,Instance2,527,-1,70,0.28
Object6815,Instance1,551,-50,150,0.76,Instance2,551,-1,150,0.24
Object6816,Instance1,158,-35,110,0.16,Instance2,158,-18,110,0.84
Object6817,Instance1,830,-43,150,0.06,Instance2,830,-8,150,0.94
Object6818,Instance1,976,-44,190,0.8,Instance2,976,-36,190,0.2
Object6819,Instance1,247,-5,200,0.7,Instance2,247,-38,200,0.3
Object6820,Instance1,326,-30,190,0.28,Instance2,326,-50,190,0.72
Object6821,Instance1,293,-47,190,0.32,Instance2,293,-7,190,0.68
Object6822,Instance1,259,-8,180,0.2,Instance2,259,-49,180,0.8
Object6823,Instance1,318,-8,50,0.4,Instance2,318,-36,50,0.6
Object6824,Instance1,829,-30,130,0.07,Instance2,829,-28,130,0.93
Object6825,Instance1,672,-1,20,0.17,Instance2,672,-43,20,0.83
Object6826,Instance1,488,-15,50,0.11,Instance2,488,-18,50,0.89
Object6827,Instance1,966,-12,50,0.4,Instance2,966,-32,50,0.6
Object6828,Instance1,354,-48,20,0.54,Instance2,354,-11,20,0.46
Object6829,Instance1,822,-27,90,0.67,Instance2,822,-30,90,0.33
Object6830,Instance1,492,-18,80,0.97,Instance2,492,-3,80,0.03
Object6831,Instance1,120,-37,10,0.38,Instance2,120,-41,10,0.62
Object6832,Instance1,981,-2,20,0.06,Instance2,981,-44,20,0.94
Object6833,Instance1,708,-43,180,0.08,Instance2,708,-21,180,0.92
Object6834,Instance1,156,-20,180,0.21,Instance2,156,-3,180,0.79
Object6835,Instance1,616,-14,200,0.93,Instance2,616,-12,200,0.07
Object6836,Instance1,819,-28,10,0.6,Instance2,819,-6,10,0.4
Object6837,Instance1,938,-33,30,0.53,Instance2,938,-20,30,0.47
Object6838,Instance1,625,-5,150,0.08,Instance2,625,-44,150,0.92
Object6839,Instance1,38,-26,80,0.77,Instance2,38,-49,80,0.23
Object6840,Instance1,745,-23,90,0.38,Instance2,745,-31,90,0.62
Object6841,Instance1,801,-43,150,0.84,Instance2,801,-24,150,0.16
Object6842,Instance1,313,-38,20,0.53,Instance2,313,-38,20,0.47
Object6843,Instance1,360,-47,50,0.98,Instance2,360,-17,50,0.02
Object6844,Instance1,691,-42,110,0.61,Instance2,691,-15,110,0.39
Object6845,Instance1,802,-39,190,0.22,Instance2,802,-31,190,0.78
Object6846,Instance1,653,-45,140,0.58,Instance2,653,-6,140,0.42
Object6847,Instance1,406,-36,200,0.76,Instance2,406,-41,200,0.24
Object6848,Instance1,438,-11,20,0.59,Instance2,438,-26,20,0.41
Object6849,Instance1,16,-41,100,0.09,Instance2,16,-26,100,0.91
Object6850,Instance1,180,-8,30,0.48,Instance2,180,-14,30,0.52
Object6851,Instance1,188,-28,180,0.22,Instance2,188,-42,180,0.78
Object6852,Instance1,943,-17,100,0.87,Instance2,943,-6,100,0.13
Object6853,Instance1,19,-1,180,0.18,Instance2,19,-10,180,0.82
Object6854,Instance1,613,-36,40,0.33,Instance2,613,-1,40,0.67
Object6855,Instance1,50,-23,100,0.4,Instance2,50,-14,100,0.6
Object6856,Instance1,565,-4,140,0.92,Instance2,565,-40,140,0.08
Object6857,Instance1,916,-16,90,0.59,Instance2,916,-31,90,0.41
Object6858,Instance1,883,-23,190,0.39,Instance2,883,-4,190,0.61
Object6859,Instance1,814,-34,60,0.73,Instance2,814,-10,60,0.27
Object6860,Instance1,232,-42,110,0.39,Instance2,232,-37,110,0.61
Object6861,Instance1,25,-23,180,0.44,Instance2,25,-22,180,0.56
Object6862,Instance1,984,-44,10,0.43,Instance2,984,-11,10,0.57
Object6863,Instance1,675,-21,30,0.76,Instance2,675,-3,30,0.24
Object6864,Instance1,776,-22,30,0.14,Instance2,776,-20,30,0.86
Object6865,Instance1,707,-27,150,0.29,Instance2,707,-20,150,0.71
Object6866,Instance1,646,-48,80,0.01,Instance2,646,-46,80,0.99
Object6867,Instance1,587,-8,10,0.18,Instance2,587,-26,10,0.82
Object6868,Instance1,376,-14,30,0.54,Instance2,376,-41,30,0.46
Object6869,Instance1,131,-49,160,0.22,Instance2,131,-3,160,0.78
Object6870,Instance1,55,-22,30,0.75,Instance2,55,-26,30,0.25
Object6871,Instance1,205,-12,40,0.37,Instance2,205,-50,40,0.63
Object6872,Instance1,448,-9,180,0.45,Instance2,448,-34,180,0.55
Object6873,Instance1,45,-22,30,0.19,Instance2,45,-39,30,0.81
Object6874,Instance1,440,-42,70,0.3,Instance2,440,-47,70,0.7
Object6875,Instance1,683,-38,110,0.76,Instance2,683,-30,110,0.24
Object6876,Instance1,184,-50,90,0.9,Instance2,184,-24,90,0.1
Object6877,Instance1,220,-46,160,0.16,Instance2,220,-47,160,0.84
Object6878,Instance1,115,-1,130,0.87,Instance2,115,-14,130,0.13
Object6879,Instance1,252,-44,110,0.62,Instance2,252,-31,110,0.38
Object6880,Instance1,974,-40,60,0.26,Instance2,974,-30,60,0.74
Object6881,Instance1,163,-6,30,0.02,Instance2,163,-43,30,0.98
Object6882,Instance1,921,-11,170,0.8,Instance2,921,-15,170,0.2
Object6883,Instance1,277,-20,150,0.82,Instance2,277,-20,150,0.18
Object6884,Instance1,194,-8,150,0.79,Instance2,194,-5,150,0.21
Object6885,Instance1,117,-12,190,0.27,Instance2,117,-50,190,0.73
Object6886,Instance1,453,-28,40,0.18,Instance2,453,-48,40,0.82
Object6887,Instance1,311,-1,180,0.61,Instance2,311,-23,180,0.39
Object6888,Instance1,937,-23,130,0.77,Instance2,937,-23,130,0.23
Object6889,Instance1,988,-35,20,0.88,Instance2,988,-12,20,0.12
Object6890,Instance1,809,-23,120,0.8,Instance2,809,-39,120,0.2
Object6891,Instance1,60,-38,190,0.07,Instance2,60,-2,190,0.93
Object6892,Instance1,748,-6,80,0.59,Instance2,748,-40,80,0.41
Object6893,Instance1,80,-7,160,1.0,Instance2,80,-29,160,0.0
Object6894,Instance1,860,-47,90,0.34,Instance2,860,-23,90,0.66
Object6895,Instance1,497,-43,10,0.49,Instance2,497,-43,10,0.51
Object6896,Instance1,43,-19,200,0.7,Instance2,43,-10,200,0.3
Object6897,Instance1,476,-4,10,0.04,Instance2,476,-11,10,0.96
Object6898,Instance1,651,-6,30,0.2,Instance2,651,-13,30,0.8
Object6899,Instance1,555,-30,180,0.8,Instance2,555,-27,180,0.2
Object6900,Instance1,713,-16,150,0.71,Instance2,713,-46,150,0.29
Object6901,Instance1,973,-17,20,0.22,Instance2,973,-15,20,0.78
Object6902,Instance1,613,-7,40,0.42,Instance2,613,-14,40,0.58
Object6903,Instance1,884,-41,190,0.87,Instance2,884,-40,190,0.13
Object6904,Instance1,354,-8,80,0.75,Instance2,354,-16,80,0.25
Object6905,Instance1,623,-2,130,0.73,Instance2,623,-46,130,0.27
Object6906,Instance1,283,-8,70,0.79,Instance2,283,-32,70,0.21
Object6907,Instance1,290,-37,110,0.3,Instance2,290,-32,110,0.7
Object6908,Instance1,883,-50,110,0.78,Instance2,883,-41,110,0.22
Object6909,Instance1,152,-23,170,0.01,Instance2,152,-24,170,0.99
Object6910,Instance1,289,-39,60,0.37,Instance2,289,-12,60,0.63
Object6911,Instance1,705,-2,140,0.44,Instance2,705,-43,140,0.56
Object6912,Instance1,45,-18,180,0.65,Instance2,45,-26,180,0.35
Object6913,Instance1,339,-16,30,0.8,Instance2,339,-11,30,0.2
Object6914,Instance1,469,-24,110,0.89,Instance2,469,-24,110,0.11
Object6915,Instance1,266,-9,110,0.16,Instance2,266,-8,110,0.84
Object6916,Instance1,969,-29,100,0.91,Instance2,969,-37,100,0.09
Object6917,Instance1,125,-46,160,0.93,Instance2,125,-41,160,0.07
Object6918,Instance1,318,-6,190,0.43,Instance2,318,-17,190,0.57
Object6919,Instance1,663,-8,200,0.11,Instance2,663,-37,200,0.89
Object6920,Instance1,729,-48,190,0.91,Instance2,729,-34,190,0.09
Object6921,Instance1,716,-9,30,0.73,Instance2,716,-48,30,0.27
Object6922,Instance1,161,-44,80,0.34,Instance2,161,-3,80,0.66
Object6923,Instance1,751,-19,80,0.75,Instance2,751,-32,80,0.25
Object6924,Instance1,85,-9,20,0.39,Instance2,85,-12,20,0.61
Object6925,Instance1,16,-43,20,0.01,Instance2,16,-2,20,0.99
Object6926,Instance1,315,-19,140,0.03,Instance2,315,-8,140,0.97
Object6927,Instance1,842,-19,170,0.4,Instance2,842,-47,170,0.6
Object6928,Instance1,630,-35,30,0.15,Instance2,630,-23,30,0.85
Object6929,Instance1,608,-45,60,0.83,Instance2,608,-13,60,0.17
Object6930,Instance1,80,-49,10,0.0,Instance2,80,-29,10,1.0
Object6931,Instance1,860,-46,60,0.38,Instance2,860,-42,60,0.62
Object6932,Instance1,514,-3,30,0.18,Instance2,514,-45,30,0.82
Object6933,Instance1,342,-12,110,0.94,Instance2,342,-9,110,0.06
Object6934,Instance1,944,-37,140,0.49,Instance2,944,-24,140,0.51
Object6935,Instance1,20,-13,200,0.51,Instance2,20,-39,200,0.49
Object6936,Instance1,652,-13,150,0.65,Instance2,652,-9,150,0.35
Object6937,Instance1,352,-21,40,0.98,Instance2,352,-35,40,0.02
Object6938,Instance1,453,-38,110,0.6,Instance2,453,-23,110,0.4
Object6939,Instance1,475,-22,120,0.11,Instance2,475,-16,120,0.89
Object6940,Instance1,96,-46,110,0.1,Instance2,96,-3,110,0.9
Object6941,Instance1,180,-48,190,0.34,Instance2,180,-32,190,0.66
Object6942,Instance1,641,-42,80,0.31,Instance2,641,-37,80,0.69
Object6943,Instance1,921,-14,190,0.68,Instance2,921,-29,190,0.32
Object6944,Instance1,592,-1,130,0.46,Instance2,592,-13,130,0.54
Object6945,Instance1,694,-14,170,0.5,Instance2,694,-49,170,0.5
Object6946,Instance1,509,-7,70,0.76,Instance2,509,-6,70,0.24
Object6947,Instance1,333,-21,30,0.83,Instance2,333,-19,30,0.17
Object6948,Instance1,909,-22,40,0.39,Instance2,909,-40,40,0.61
Object6949,Instance1,713,-13,110,0.56,Instance2,713,-37,110,0.44
Object6950,Instance1,741,-32,90,0.8,Instance2,741,-48,90,0.2
Object6951,Instance1,787,-39,190,0.95,Instance2,787,-2,190,0.05
Object6952,Instance1,427,-47,30,0.7,Instance2,427,-1,30,0.3
Object6953,Instance1,762,-27,160,0.2,Instance2,762,-12,160,0.8
Object6954,Instance1,537,-6,30,0.93,Instance2,537,-43,30,0.07
Object6955,Instance1,959,-21,60,0.71,Instance2,959,-37,60,0.29
Object6956,Instance1,270,-7,150,0.12,Instance2,270,-39,150,0.88
Object6957,Instance1,54,-39,130,0.18,Instance2,54,-44,130,0.82
Object6958,Instance1,90,-24,170,0.82,Instance2,90,-7,170,0.18
Object6959,Instance1,349,-37,110,0.99,Instance2,349,-40,110,0.01
Object6960,Instance1,205,-30,200,0.69,Instance2,205,-1,200,0.31
Object6961,Instance1,774,-10,100,0.84,Instance2,774,-21,100,0.16
Object6962,Instance1,902,-35,80,0.32,Instance2,902,-22,80,0.68
Object6963,Instance1,363,-40,110,0.56,Instance2,363,-33,110,0.44
Object6964,Instance1,278,-34,60,0.18,Instance2,278,-24,60,0.82
Object6965,Instance1,199,-47,120,0.58,Instance2,199,-16,120,0.42
Object6966,Instance1,220,-7,110,0.27,Instance2,220,-44,110,0.73
Object6967,Instance1,680,-39,50,0.66,Instance2,680,-1,50,0.34
Object6968,Instance1,838,-2,190,0.97,Instance2,838,-16,190,0.03
Object6969,Instance1,345,-41,200,0.89,Instance2,345,-44,200,0.11
Object6970,Instance1,449,-13,30,0.11,Instance2,449,-21,30,0.89
Object6971,Instance1,800,-36,80,0.55,Instance2,800,-18,80,0.45
Object6972,Instance1,272,-6,130,0.44,Instance2,272,-12,130,0.56
Object6973,Instance1,500,-7,140,0.05,Instance2,500,-20,140,0.95
Object6974,Instance1,212,-20,10,0.13,Instance2,212,-50,10,0.87
Object6975,Instance1,909,-48,150,0.88,Instance2,909,-13,150,0.12
Object6976,Instance1,89,-48,130,0.76,Instance2,89,-45,130,0.24
Object6977,Instance1,388,-24,160,0.15,Instance2,388,-37,160,0.85
Object6978,Instance1,167,-2,60,0.26,Instance2,167,-14,60,0.74
Object6979,Instance1,777,-16,30,0.27,Instance2,777,-10,30,0.73
Object6980,Instance1,715,-18,110,0.95,Instance2,715,-41,110,0.05
Object6981,Instance1,517,-34,110,0.89,Instance2,517,-26,110,0.11
Object6982,Instance1,6,-48,130,0.74,Instance2,6,-14,130,0.26
Object6983,Instance1,43,-15,60,0.68,Instance2,43,-13,60,0.32
Object6984,Instance1,221,-42,140,0.94,Instance2,221,-47,140,0.06
Object6985,Instance1,560,-4,180,0.43,Instance2,560,-34,180,0.57
Object6986,Instance1,807,-13,70,0.68,Instance2,807,-11,70,0.32
Object6987,Instance1,743,-4,40,0.33,Instance2,743,-37,40,0.67
Object6988,Instance1,284,-1,170,0.66,Instance2,284,-50,170,0.34
Object6989,Instance1,317,-47,180,0.22,Instance2,317,-27,180,0.78
Object6990,Instance1,984,-28,180,0.6,Instance2,984,-14,180,0.4
Object6991,Instance1,808,-18,40,0.91,Instance2,808,-1,40,0.09
Object6992,Instance1,304,-26,70,0.83,Instance2,304,-44,70,0.17
Object6993,Instance1,893,-42,100,0.83,Instance2,893,-18,100,0.17
Object6994,Instance1,184,-30,40,0.92,Instance2,184,-46,40,0.08
Object6995,Instance1,554,-20,110,0.03,Instance2,554,-47,110,0.97
Object6996,Instance1,371,-44,130,0.54,Instance2,371,-39,130,0.46
Object6997,Instance1,920,-2,100,0.9,Instance2,920,-19,100,0.1
Object6998,Instance1,697,-23,70,0.35,Instance2,697,-3,70,0.65
Object6999,Instance1,857,-47,10,0.2,Instance2,857,-1,10,0.8
Object7000,Instance1,180,-48,120,0.55,Instance2,180,-49,120,0.45
Object7001,Instance1,7,-15,190,0.06,Instance2,7,-34,190,0.94
Object7002,Instance1,50,-6,170,0.38,Instance2,50,-46,170,0.62
Object7003,Instance1,977,-36,110,0.47,Instance2,977,-34,110,0.53
Object7004,Instance1,112,-31,140,0.17,Instance2,112,-46,140,0.83
Object7005,Instance1,579,-14,200,0.96,Instance2,579,-49,200,0.04
Object7006,Instance1,47,-14,90,0.01,Instance2,47,-44,90,0.99
Object7007,Instance1,315,-19,90,0.65,Instance2,315,-33,90,0.35
Object7008,Instance1,63,-5,150,0.39,Instance2,63,-41,150,0.61
Object7009,Instance1,185,-29,140,0.37,Instance2,185,-38,140,0.63
Object7010,Instance1,731,-12,180,0.39,Instance2,731,-40,180,0.61
Object7011,Instance1,183,-14,100,0.27,Instance2,183,-38,100,0.73
Object7012,Instance1,252,-30,120,0.59,Instance2,252,-14,120,0.41
Object7013,Instance1,385,-24,180,0.47,Instance2,385,-39,180,0.53
Object7014,Instance1,298,-43,110,0.75,Instance2,298,-3,110,0.25
Object7015,Instance1,264,-2,190,0.4,Instance2,264,-44,190,0.6
Object7016,Instance1,372,-14,30,0.94,Instance2,372,-10,30,0.06
Object7017,Instance1,615,-21,130,0.86,Instance2,615,-46,130,0.14
Object7018,Instance1,112,-6,30,0.64,Instance2,112,-40,30,0.36
Object7019,Instance1,57,-43,80,0.51,Instance2,57,-13,80,0.49
Object7020,Instance1,725,-30,90,0.55,Instance2,725,-38,90,0.45
Object7021,Instance1,652,-25,70,1.0,Instance2,652,-10,70,0.0
Object7022,Instance1,800,-28,60,0.81,Instance2,800,-50,60,0.19
Object7023,Instance1,752,-46,90,0.93,Instance2,752,-8,90,0.07
Object7024,Instance1,479,-49,50,0.76,Instance2,479,-30,50,0.24
Object7025,Instance1,484,-17,180,0.27,Instance2,484,-48,180,0.73
Object7026,Instance1,581,-14,60,0.09,Instance2,581,-48,60,0.91
Object7027,Instance1,115,-26,40,0.61,Instance2,115,-31,40,0.39
Object7028,Instance1,479,-29,150,0.13,Instance2,479,-5,150,0.87
Object7029,Instance1,48,-16,50,0.11,Instance2,48,-30,50,0.89
Object7030,Instance1,694,-38,70,0.4,Instance2,694,-12,70,0.6
Object7031,Instance1,583,-14,130,0.86,Instance2,583,-43,130,0.14
Object7032,Instance1,499,-42,90,0.55,Instance2,499,-25,90,0.45
Object7033,Instance1,808,-46,180,0.61,Instance2,808,-22,180,0.39
Object7034,Instance1,986,-50,110,0.81,Instance2,986,-41,110,0.19
Object7035,Instance1,922,-20,100,0.05,Instance2,922,-32,100,0.95
Object7036,Instance1,585,-21,120,0.3,Instance2,585,-19,120,0.7
Object7037,Instance1,19,-41,50,0.93,Instance2,19,-40,50,0.07
Object7038,Instance1,971,-44,10,0.41,Instance2,971,-46,10,0.59
Object7039,Instance1,903,-13,50,0.88,Instance2,903,-29,50,0.12
Object7040,Instance1,513,-35,170,0.43,Instance2,513,-17,170,0.57
Object7041,Instance1,475,-31,70,0.26,Instance2,475,-34,70,0.74
Object7042,Instance1,174,-50,90,0.55,Instance2,174,-25,90,0.45
Object7043,Instance1,606,-34,110,0.76,Instance2,606,-21,110,0.24
Object7044,Instance1,727,-11,160,0.96,Instance2,727,-33,160,0.04
Object7045,Instance1,977,-9,40,0.2,Instance2,977,-33,40,0.8
Object7046,Instance1,763,-38,130,0.69,Instance2,763,-46,130,0.31
Object7047,Instance1,567,-2,100,0.63,Instance2,567,-28,100,0.37
Object7048,Instance1,627,-7,160,0.66,Instance2,627,-37,160,0.34
Object7049,Instance1,856,-12,60,0.48,Instance2,856,-38,60,0.52
Object7050,Instance1,577,-25,10,0.05,Instance2,577,-44,10,0.95
Object7051,Instance1,531,-37,160,0.34,Instance2,531,-27,160,0.66
Object7052,Instance1,468,-20,140,0.49,Instance2,468,-1,140,0.51
Object7053,Instance1,214,-39,170,0.18,Instance2,214,-31,170,0.82
Object7054,Instance1,644,-26,80,0.6,Instance2,644,-28,80,0.4
Object7055,Instance1,651,-24,90,0.48,Instance2,651,-31,90,0.52
Object7056,Instance1,412,-12,90,0.44,Instance2,412,-34,90,0.56
Object7057,Instance1,752,-21,80,0.7,Instance2,752,-23,80,0.3
Object7058,Instance1,685,-48,100,0.95,Instance2,685,-3,100,0.05
Object7059,Instance1,1,-41,100,0.99,Instance2,1,-24,100,0.01
Object7060,Instance1,936,-19,90,0.11,Instance2,936,-16,90,0.89
Object7061,Instance1,764,-43,40,0.45,Instance2,764,-39,40,0.55
Object7062,Instance1,589,-1,120,0.96,Instance2,589,-20,120,0.04
Object7063,Instance1,417,-5,30,0.59,Instance2,417,-13,30,0.41
Object7064,Instance1,951,-6,30,0.09,Instance2,951,-19,30,0.91
Object7065,Instance1,417,-47,200,0.13,Instance2,417,-35,200,0.87
Object7066,Instance1,592,-6,110,0.72,Instance2,592,-23,110,0.28
Object7067,Instance1,334,-27,70,0.95,Instance2,334,-26,70,0.05
Object7068,Instance1,408,-3,130,0.7,Instance2,408,-9,130,0.3
Object7069,Instance1,376,-34,20,0.19,Instance2,376,-8,20,0.81
Object7070,Instance1,771,-38,120,0.76,Instance2,771,-8,120,0.24
Object7071,Instance1,393,-43,110,0.6,Instance2,393,-8,110,0.4
Object7072,Instance1,358,-45,170,0.15,Instance2,358,-26,170,0.85
Object7073,Instance1,671,-33,150,0.38,Instance2,671,-42,150,0.62
Object7074,Instance1,536,-31,180,0.18,Instance2,536,-10,180,0.82
Object7075,Instance1,886,-33,200,0.37,Instance2,886,-16,200,0.63
Object7076,Instance1,298,-3,140,0.32,Instance2,298,-24,140,0.68
Object7077,Instance1,803,-16,20,0.17,Instance2,803,-6,20,0.83
Object7078,Instance1,804,-27,140,0.57,Instance2,804,-24,140,0.43
Object7079,Instance1,568,-17,200,0.17,Instance2,568,-13,200,0.83
Object7080,Instance1,528,-44,90,0.96,Instance2,528,-23,90,0.04
Object7081,Instance1,837,-12,120,0.94,Instance2,837,-8,120,0.06
Object7082,Instance1,338,-12,60,0.8,Instance2,338,-31,60,0.2
Object7083,Instance1,979,-13,120,0.41,Instance2,979,-50,120,0.59
Object7084,Instance1,979,-27,90,0.95,Instance2,979,-47,90,0.05
Object7085,Instance1,419,-20,140,0.19,Instance2,419,-40,140,0.81
Object7086,Instance1,190,-20,110,0.44,Instance2,190,-47,110,0.56
Object7087,Instance1,432,-13,140,0.41,Instance2,432,-23,140,0.59
Object7088,Instance1,22,-39,40,0.24,Instance2,22,-44,40,0.76
Object7089,Instance1,369,-43,180,0.73,Instance2,369,-23,180,0.27
Object7090,Instance1,642,-45,40,0.32,Instance2,642,-37,40,0.68
Object7091,Instance1,104,-8,100,0.73,Instance2,104,-30,100,0.27
Object7092,Instance1,322,-24,80,0.99,Instance2,322,-3,80,0.01
Object7093,Instance1,669,-44,120,0.93,Instance2,669,-2,120,0.07
Object7094,Instance1,907,-7,170,0.25,Instance2,907,-49,170,0.75
Object7095,Instance1,585,-16,100,0.65,Instance2,585,-16,100,0.35
Object7096,Instance1,861,-35,40,0.19,Instance2,861,-25,40,0.81
Object7097,Instance1,290,-2,200,0.96,Instance2,290,-21,200,0.04
Object7098,Instance1,541,-16,120,0.59,Instance2,541,-4,120,0.41
Object7099,Instance1,394,-5,160,0.15,Instance2,394,-41,160,0.85
Object7100,Instance1,479,-21,10,0.51,Instance2,479,-21,10,0.49
Object7101,Instance1,669,-24,20,0.83,Instance2,669,-30,20,0.17
Object7102,Instance1,584,-4,110,0.58,Instance2,584,-6,110,0.42
Object7103,Instance1,769,-23,30,0.85,Instance2,769,-30,30,0.15
Object7104,Instance1,956,-21,60,0.67,Instance2,956,-50,60,0.33
Object7105,Instance1,557,-42,140,0.3,Instance2,557,-30,140,0.7
Object7106,Instance1,673,-30,50,0.21,Instance2,673,-40,50,0.79
Object7107,Instance1,156,-36,170,0.23,Instance2,156,-46,170,0.77
Object7108,Instance1,660,-9,110,0.55,Instance2,660,-19,110,0.45
Object7109,Instance1,62,-43,30,0.76,Instance2,62,-36,30,0.24
Object7110,Instance1,167,-8,100,0.95,Instance2,167,-45,100,0.05
Object7111,Instance1,944,-33,50,0.19,Instance2,944,-46,50,0.81
Object7112,Instance1,74,-42,80,0.6,Instance2,74,-46,80,0.4
Object7113,Instance1,94,-49,110,0.64,Instance2,94,-22,110,0.36
Object7114,Instance1,539,-35,20,0.22,Instance2,539,-28,20,0.78
Object7115,Instance1,994,-28,130,0.96,Instance2,994,-39,130,0.04
Object7116,Instance1,883,-48,80,0.23,Instance2,883,-14,80,0.77
Object7117,Instance1,372,-12,120,0.78,Instance2,372,-35,120,0.22
Object7118,Instance1,723,-37,100,0.22,Instance2,723,-8,100,0.78
Object7119,Instance1,861,-42,60,0.79,Instance2,861,-40,60,0.21
Object7120,Instance1,807,-1,170,0.76,Instance2,807,-6,170,0.24
Object7121,Instance1,405,-7,30,0.46,Instance2,405,-48,30,0.54
Object7122,Instance1,393,-22,90,0.14,Instance2,393,-20,90,0.86
Object7123,Instance1,811,-38,190,0.47,Instance2,811,-10,190,0.53
Object7124,Instance1,26,-38,150,0.06,Instance2,26,-39,150,0.94
Object7125,Instance1,278,-37,160,0.53,Instance2,278,-3,160,0.47
Object7126,Instance1,81,-8,90,0.48,Instance2,81,-16,90,0.52
Object7127,Instance1,835,-27,110,0.53,Instance2,835,-15,110,0.47
Object7128,Instance1,761,-31,80,0.47,Instance2,761,-20,80,0.53
Object7129,Instance1,845,-46,90,0.64,Instance2,845,-16,90,0.36
Object7130,Instance1,305,-41,100,0.78,Instance2,305,-12,100,0.22
Object7131,Instance1,860,-46,50,0.28,Instance2,860,-43,50,0.72
Object7132,Instance1,142,-30,100,0.09,Instance2,142,-25,100,0.91
Object7133,Instance1,137,-45,200,0.71,Instance2,137,-1,200,0.29
Object7134,Instance1,123,-22,120,0.76,Instance2,123,-49,120,0.24
Object7135,Instance1,949,-38,70,0.3,Instance2,949,-4,70,0.7
Object7136,Instance1,883,-7,110,0.27,Instance2,883,-44,110,0.73
Object7137,Instance1,63,-41,170,0.42,Instance2,63,-26,170,0.58
Object7138,Instance1,150,-15,20,0.82,Instance2,150,-25,20,0.18
Object7139,Instance1,758,-11,10,0.52,Instance2,758,-41,10,0.48
Object7140,Instance1,843,-14,110,0.96,Instance2,843,-11,110,0.04
Object7141,Instance1,564,-6,50,0.4,Instance2,564,-15,50,0.6
Object7142,Instance1,533,-26,200,0.85,Instance2,533,-27,200,0.15
Object7143,Instance1,89,-29,60,0.5,Instance2,89,-30,60,0.5
Object7144,Instance1,241,-24,10,0.58,Instance2,241,-21,10,0.42
Object7145,Instance1,495,-16,20,0.78,Instance2,495,-14,20,0.22
Object7146,Instance1,743,-4,80,0.05,Instance2,743,-29,80,0.95
Object7147,Instance1,780,-47,90,0.92,Instance2,780,-5,90,0.08
Object7148,Instance1,537,-38,140,0.54,Instance2,537,-42,140,0.46
Object7149,Instance1,410,-38,200,0.64,Instance2,410,-47,200,0.36
Object7150,Instance1,264,-1,20,0.95,Instance2,264,-26,20,0.05
Object7151,Instance1,217,-18,170,0.93,Instance2,217,-3,170,0.07
Object7152,Instance1,923,-12,200,0.42,Instance2,923,-26,200,0.58
Object7153,Instance1,161,-15,110,0.52,Instance2,161,-37,110,0.48
Object7154,Instance1,702,-25,40,0.27,Instance2,702,-27,40,0.73
Object7155,Instance1,678,-24,110,0.98,Instance2,678,-41,110,0.02
Object7156,Instance1,759,-4,20,0.07,Instance2,759,-39,20,0.93
Object7157,Instance1,503,-15,80,0.11,Instance2,503,-11,80,0.89
Object7158,Instance1,83,-44,150,0.41,Instance2,83,-24,150,0.59
Object7159,Instance1,564,-9,140,0.42,Instance2,564,-4,140,0.58
Object7160,Instance1,325,-44,80,0.46,Instance2,325,-49,80,0.54
Object7161,Instance1,522,-18,20,0.08,Instance2,522,-48,20,0.92
Object7162,Instance1,704,-41,70,0.04,Instance2,704,-37,70,0.96
Object7163,Instance1,526,-35,10,0.02,Instance2,526,-49,10,0.98
Object7164,Instance1,82,-8,50,0.56,Instance2,82,-50,50,0.44
Object7165,Instance1,34,-1,90,0.5,Instance2,34,-19,90,0.5
Object7166,Instance1,326,-49,180,0.8,Instance2,326,-40,180,0.2
Object7167,Instance1,957,-15,90,0.15,Instance2,957,-36,90,0.85
Object7168,Instance1,657,-18,140,0.25,Instance2,657,-50,140,0.75
Object7169,Instance1,1000,-47,190,0.82,Instance2,1000,-37,190,0.18
Object7170,Instance1,805,-46,40,0.82,Instance2,805,-20,40,0.18
Object7171,Instance1,746,-42,140,0.37,Instance2,746,-40,140,0.63
Object7172,Instance1,884,-10,120,0.69,Instance2,884,-8,120,0.31
Object7173,Instance1,620,-44,140,0.44,Instance2,620,-41,140,0.56
Object7174,Instance1,570,-11,180,0.42,Instance2,570,-27,180,0.58
Object7175,Instance1,180,-28,200,0.23,Instance2,180,-14,200,0.77
Object7176,Instance1,611,-22,180,0.38,Instance2,611,-44,180,0.62
Object7177,Instance1,357,-19,120,0.96,Instance2,357,-22,120,0.04
Object7178,Instance1,207,-36,30,0.28,Instance2,207,-27,30,0.72
Object7179,Instance1,821,-44,20,0.36,Instance2,821,-46,20,0.64
Object7180,Instance1,958,-6,90,0.03,Instance2,958,-23,90,0.97
Object7181,Instance1,388,-11,180,0.53,Instance2,388,-15,180,0.47
Object7182,Instance1,313,-35,40,0.37,Instance2,313,-36,40,0.63
Object7183,Instance1,60,-10,170,0.95,Instance2,60,-16,170,0.05
Object7184,Instance1,868,-38,120,0.2,Instance2,868,-25,120,0.8
Object7185,Instance1,347,-9,170,0.58,Instance2,347,-37,170,0.42
Object7186,Instance1,37,-41,200,0.28,Instance2,37,-38,200,0.72
Object7187,Instance1,373,-12,10,0.84,Instance2,373,-46,10,0.16
Object7188,Instance1,978,-32,110,0.51,Instance2,978,-12,110,0.49
Object7189,Instance1,18,-20,130,0.75,Instance2,18,-50,130,0.25
Object7190,Instance1,176,-34,140,0.74,Instance2,176,-38,140,0.26
Object7191,Instance1,599,-9,40,0.32,Instance2,599,-9,40,0.68
Object7192,Instance1,4,-44,100,0.54,Instance2,4,-23,100,0.46
Object7193,Instance1,523,-27,110,0.47,Instance2,523,-2,110,0.53
Object7194,Instance1,678,-44,60,0.29,Instance2,678,-27,60,0.71
Object7195,Instance1,603,-13,140,0.07,Instance2,603,-27,140,0.93
Object7196,Instance1,851,-39,110,0.62,Instance2,851,-25,110,0.38
Object7197,Instance1,205,-18,60,0.46,Instance2,205,-46,60,0.54
Object7198,Instance1,922,-43,140,0.69,Instance2,922,-44,140,0.31
Object7199,Instance1,46,-5,110,0.04,Instance2,46,-24,110,0.96
Object7200,Instance1,342,-39,60,0.07,Instance2,342,-45,60,0.93
Object7201,Instance1,729,-40,200,0.14,Instance2,729,-1,200,0.86
Object7202,Instance1,135,-49,80,0.05,Instance2,135,-22,80,0.95
Object7203,Instance1,119,-18,60,0.26,Instance2,119,-10,60,0.74
Object7204,Instance1,349,-41,80,0.29,Instance2,349,-27,80,0.71
Object7205,Instance1,369,-17,170,0.08,Instance2,369,-7,170,0.92
Object7206,Instance1,992,-47,40,0.93,Instance2,992,-36,40,0.07
Object7207,Instance1,237,-16,90,0.96,Instance2,237,-3,90,0.04
Object7208,Instance1,376,-28,90,0.04,Instance2,376,-3,90,0.96
Object7209,Instance1,628,-11,180,0.02,Instance2,628,-11,180,0.98
Object7210,Instance1,70,-49,130,0.55,Instance2,70,-39,130,0.45
Object7211,Instance1,119,-42,100,0.08,Instance2,119,-32,100,0.92
Object7212,Instance1,530,-49,120,0.3,Instance2,530,-7,120,0.7
Object7213,Instance1,758,-23,60,0.99,Instance2,758,-29,60,0.01
Object7214,Instance1,576,-37,60,0.7,Instance2,576,-37,60,0.3
Object7215,Instance1,407,-3,20,0.75,Instance2,407,-20,20,0.25
Object7216,Instance1,583,-20,130,0.66,Instance2,583,-6,130,0.34
Object7217,Instance1,857,-5,60,0.15,Instance2,857,-4,60,0.85
Object7218,Instance1,940,-22,70,0.5,Instance2,940,-31,70,0.5
Object7219,Instance1,850,-26,170,0.66,Instance2,850,-19,170,0.34
Object7220,Instance1,658,-20,140,0.65,Instance2,658,-50,140,0.35
Object7221,Instance1,183,-41,170,0.36,Instance2,183,-29,170,0.64
Object7222,Instance1,530,-20,30,0.37,Instance2,530,-21,30,0.63
Object7223,Instance1,252,-39,110,0.46,Instance2,252,-20,110,0.54
Object7224,Instance1,165,-30,160,0.32,Instance2,165,-44,160,0.68
Object7225,Instance1,732,-48,30,0.11,Instance2,732,-35,30,0.89
Object7226,Instance1,840,-44,180,0.1,Instance2,840,-7,180,0.9
Object7227,Instance1,17,-17,170,0.09,Instance2,17,-11,170,0.91
Object7228,Instance1,933,-31,80,0.21,Instance2,933,-14,80,0.79
Object7229,Instance1,414,-11,140,0.0,Instance2,414,-21,140,1.0
Object7230,Instance1,493,-34,80,0.15,Instance2,493,-22,80,0.85
Object7231,Instance1,519,-20,70,1.0,Instance2,519,-16,70,0.0
Object7232,Instance1,476,-18,90,0.97,Instance2,476,-15,90,0.03
Object7233,Instance1,532,-27,40,0.94,Instance2,532,-15,40,0.06
Object7234,Instance1,352,-20,60,0.47,Instance2,352,-13,60,0.53
Object7235,Instance1,496,-28,90,0.19,Instance2,496,-31,90,0.81
Object7236,Instance1,341,-39,150,0.63,Instance2,341,-38,150,0.37
Object7237,Instance1,961,-16,110,0.13,Instance2,961,-16,110,0.87
Object7238,Instance1,519,-47,90,0.25,Instance2,519,-40,90,0.75
Object7239,Instance1,94,-41,160,0.73,Instance2,94,-3,160,0.27
Object7240,Instance1,480,-26,10,0.75,Instance2,480,-42,10,0.25
Object7241,Instance1,497,-48,60,0.81,Instance2,497,-7,60,0.19
Object7242,Instance1,636,-14,90,0.6,Instance2,636,-26,90,0.4
Object7243,Instance1,172,-33,180,0.82,Instance2,172,-34,180,0.18
Object7244,Instance1,883,-1,40,0.38,Instance2,883,-47,40,0.62
Object7245,Instance1,117,-10,130,0.99,Instance2,117,-33,130,0.01
Object7246,Instance1,877,-45,80,0.79,Instance2,877,-43,80,0.21
Object7247,Instance1,414,-39,90,0.87,Instance2,414,-41,90,0.13
Object7248,Instance1,193,-39,200,0.89,Instance2,193,-39,200,0.11
Object7249,Instance1,593,-29,140,0.62,Instance2,593,-3,140,0.38
Object7250,Instance1,697,-28,20,0.62,Instance2,697,-11,20,0.38
Object7251,Instance1,620,-32,130,0.75,Instance2,620,-11,130,0.25
Object7252,Instance1,488,-10,170,0.75,Instance2,488,-41,170,0.25
Object7253,Instance1,981,-42,10,0.14,Instance2,981,-40,10,0.86
Object7254,Instance1,873,-3,190,0.92,Instance2,873,-7,190,0.08
Object7255,Instance1,160,-14,80,0.18,Instance2,160,-1,80,0.82
Object7256,Instance1,440,-24,10,0.98,Instance2,440,-9,10,0.02
Object7257,Instance1,816,-24,130,0.79,Instance2,816,-1,130,0.21
Object7258,Instance1,945,-18,80,0.39,Instance2,945,-37,80,0.61
Object7259,Instance1,127,-38,80,0.09,Instance2,127,-26,80,0.91
Object7260,Instance1,701,-13,180,0.4,Instance2,701,-38,180,0.6
Object7261,Instance1,554,-18,40,0.07,Instance2,554,-33,40,0.93
Object7262,Instance1,75,-24,200,0.29,Instance2,75,-35,200,0.71
Object7263,Instance1,714,-49,80,0.48,Instance2,714,-12,80,0.52
Object7264,Instance1,150,-23,70,0.5,Instance2,150,-29,70,0.5
Object7265,Instance1,781,-32,20,0.82,Instance2,781,-46,20,0.18
Object7266,Instance1,843,-28,170,0.04,Instance2,843,-38,170,0.96
Object7267,Instance1,746,-14,170,0.88,Instance2,746,-44,170,0.12
Object7268,Instance1,658,-24,200,0.63,Instance2,658,-41,200,0.37
Object7269,Instance1,264,-12,100,0.41,Instance2,264,-41,100,0.59
Object7270,Instance1,727,-14,80,0.05,Instance2,727,-21,80,0.95
Object7271,Instance1,802,-8,200,0.12,Instance2,802,-8,200,0.88
Object7272,Instance1,841,-27,190,0.48,Instance2,841,-35,190,0.52
Object7273,Instance1,844,-29,90,0.56,Instance2,844,-10,90,0.44
Object7274,Instance1,146,-1,80,0.58,Instance2,146,-34,80,0.42
Object7275,Instance1,134,-22,30,0.27,Instance2,134,-24,30,0.73
Object7276,Instance1,150,-2,180,0.13,Instance2,150,-40,180,0.87
Object7277,Instance1,517,-3,130,0.1,Instance2,517,-16,130,0.9
Object7278,Instance1,468,-4,20,0.99,Instance2,468,-46,20,0.01
Object7279,Instance1,673,-13,20,0.73,Instance2,673,-19,20,0.27
Object7280,Instance1,436,-33,40,0.47,Instance2,436,-17,40,0.53
Object7281,Instance1,986,-5,10,0.24,Instance2,986,-34,10,0.76
Object7282,Instance1,505,-40,120,0.28,Instance2,505,-42,120,0.72
Object7283,Instance1,501,-39,160,0.34,Instance2,501,-5,160,0.66
Object7284,Instance1,56,-23,50,0.6,Instance2,56,-39,50,0.4
Object7285,Instance1,504,-40,150,0.1,Instance2,504,-37,150,0.9
Object7286,Instance1,320,-2,140,0.39,Instance2,320,-45,140,0.61
Object7287,Instance1,733,-32,100,0.59,Instance2,733,-14,100,0.41
Object7288,Instance1,859,-4,200,0.13,Instance2,859,-14,200,0.87
Object7289,Instance1,732,-38,180,0.96,Instance2,732,-27,180,0.04
Object7290,Instance1,614,-41,60,0.08,Instance2,614,-30,60,0.92
Object7291,Instance1,986,-40,120,0.89,Instance2,986,-33,120,0.11
Object7292,Instance1,412,-9,20,0.42,Instance2,412,-28,20,0.58
Object7293,Instance1,777,-18,60,0.51,Instance2,777,-7,60,0.49
Object7294,Instance1,618,-36,130,0.34,Instance2,618,-24,130,0.66
Object7295,Instance1,348,-34,150,0.82,Instance2,348,-5,150,0.18
Object7296,Instance1,69,-21,20,0.53,Instance2,69,-12,20,0.47
Object7297,Instance1,888,-11,60,0.77,Instance2,888,-4,60,0.23
Object7298,Instance1,939,-38,50,0.86,Instance2,939,-17,50,0.14
Object7299,Instance1,953,-46,80,0.29,Instance2,953,-19,80,0.71
Object7300,Instance1,11,-46,170,0.56,Instance2,11,-6,170,0.44
Object7301,Instance1,623,-22,120,0.04,Instance2,623,-33,120,0.96
Object7302,Instance1,650,-50,170,0.62,Instance2,650,-33,170,0.38
Object7303,Instance1,695,-16,60,0.3,Instance2,695,-28,60,0.7
Object7304,Instance1,55,-48,60,0.72,Instance2,55,-19,60,0.28
Object7305,Instance1,210,-37,50,0.65,Instance2,210,-44,50,0.35
Object7306,Instance1,999,-26,180,0.43,Instance2,999,-12,180,0.57
Object7307,Instance1,24,-22,180,0.91,Instance2,24,-33,180,0.09
Object7308,Instance1,302,-40,60,0.79,Instance2,302,-31,60,0.21
Object7309,Instance1,494,-27,180,0.0,Instance2,494,-26,180,1.0
Object7310,Instance1,813,-5,190,0.48,Instance2,813,-18,190,0.52
Object7311,Instance1,442,-8,90,0.1,Instance2,442,-3,90,0.9
Object7312,Instance1,696,-33,70,0.2,Instance2,696,-2,70,0.8
Object7313,Instance1,653,-25,140,0.54,Instance2,653,-26,140,0.46
Object7314,Instance1,869,-39,170,0.9,Instance2,869,-26,170,0.1
Object7315,Instance1,804,-32,160,0.25,Instance2,804,-23,160,0.75
Object7316,Instance1,487,-37,30,0.23,Instance2,487,-1,30,0.77
Object7317,Instance1,533,-4,60,0.29,Instance2,533,-38,60,0.71
Object7318,Instance1,108,-14,120,0.61,Instance2,108,-21,120,0.39
Object7319,Instance1,426,-2,190,0.39,Instance2,426,-32,190,0.61
Object7320,Instance1,423,-3,10,0.74,Instance2,423,-15,10,0.26
Object7321,Instance1,915,-26,200,0.35,Instance2,915,-22,200,0.65
Object7322,Instance1,253,-1,90,0.08,Instance2,253,-25,90,0.92
Object7323,Instance1,567,-5,160,0.19,Instance2,567,-11,160,0.81
Object7324,Instance1,751,-12,160,0.22,Instance2,751,-1,160,0.78
Object7325,Instance1,876,-11,10,0.55,Instance2,876,-41,10,0.45
Object7326,Instance1,148,-13,40,0.05,Instance2,148,-1,40,0.95
Object7327,Instance1,179,-38,140,0.72,Instance2,179,-20,140,0.28
Object7328,Instance1,369,-35,120,0.45,Instance2,369,-35,120,0.55
Object7329,Instance1,772,-47,60,0.77,Instance2,772,-24,60,0.23
Object7330,Instance1,742,-49,190,0.35,Instance2,742,-2,190,0.65
Object7331,Instance1,953,-50,170,0.77,Instance2,953,-19,170,0.23
Object7332,Instance1,478,-14,20,0.44,Instance2,478,-14,20,0.56
Object7333,Instance1,519,-11,60,0.92,Instance2,519,-16,60,0.08
Object7334,Instance1,598,-38,110,0.6,Instance2,598,-21,110,0.4
Object7335,Instance1,108,-7,90,0.57,Instance2,108,-16,90,0.43
Object7336,Instance1,966,-36,10,0.42,Instance2,966,-24,10,0.58
Object7337,Instance1,268,-40,150,0.1,Instance2,268,-26,150,0.9
Object7338,Instance1,470,-11,10,0.04,Instance2,470,-8,10,0.96
Object7339,Instance1,331,-15,70,0.15,Instance2,331,-2,70,0.85
Object7340,Instance1,225,-34,190,0.1,Instance2,225,-30,190,0.9
Object7341,Instance1,578,-40,140,0.35,Instance2,578,-27,140,0.65
Object7342,Instance1,869,-19,90,0.27,Instance2,869,-9,90,0.73
Object7343,Instance1,216,-17,30,0.85,Instance2,216,-13,30,0.15
Object7344,Instance1,298,-39,120,0.96,Instance2,298,-40,120,0.04
Object7345,Instance1,125,-3,180,0.33,Instance2,125,-16,180,0.67
Object7346,Instance1,463,-44,200,0.55,Instance2,463,-38,200,0.45
Object7347,Instance1,416,-41,190,0.74,Instance2,416,-24,190,0.26
Object7348,Instance1,516,-8,180,0.16,Instance2,516,-17,180,0.84
Object7349,Instance1,908,-15,80,0.69,Instance2,908,-3,80,0.31
Object7350,Instance1,23,-23,70,0.43,Instance2,23,-13,70,0.57
Object7351,Instance1,513,-17,110,0.22,Instance2,513,-18,110,0.78
Object7352,Instance1,544,-33,50,0.04,Instance2,544,-33,50,0.96
Object7353,Instance1,78,-3,60,0.42,Instance2,78,-3,60,0.58
Object7354,Instance1,212,-26,130,0.52,Instance2,212,-26,130,0.48
Object7355,Instance1,928,-50,140,0.75,Instance2,928,-14,140,0.25
Object7356,Instance1,463,-23,130,0.11,Instance2,463,-29,130,0.89
Object7357,Instance1,441,-30,40,0.71,Instance2,441,-11,40,0.29
Object7358,Instance1,592,-8,20,0.19,Instance2,592,-16,20,0.81
Object7359,Instance1,206,-50,20,0.59,Instance2,206,-18,20,0.41
Object7360,Instance1,662,-16,180,0.5,Instance2,662,-11,180,0.5
Object7361,Instance1,757,-38,130,0.2,Instance2,757,-25,130,0.8
Object7362,Instance1,834,-28,180,0.13,Instance2,834,-33,180,0.87
Object7363,Instance1,812,-23,100,0.21,Instance2,812,-24,100,0.79
Object7364,Instance1,434,-36,180,0.56,Instance2,434,-35,180,0.44
Object7365,Instance1,103,-33,100,0.48,Instance2,103,-16,100,0.52
Object7366,Instance1,573,-48,20,0.72,Instance2,573,-43,20,0.28
Object7367,Instance1,383,-8,140,0.43,Instance2,383,-50,140,0.57
Object7368,Instance1,406,-37,10,0.52,Instance2,406,-5,10,0.48
Object7369,Instance1,54,-34,160,0.23,Instance2,54,-16,160,0.77
Object7370,Instance1,553,-32,80,0.32,Instance2,553,-6,80,0.68
Object7371,Instance1,313,-47,120,0.22,Instance2,313,-34,120,0.78
Object7372,Instance1,60,-33,70,0.96,Instance2,60,-33,70,0.04
Object7373,Instance1,680,-17,180,0.54,Instance2,680,-45,180,0.46
Object7374,Instance1,687,-13,180,0.16,Instance2,687,-22,180,0.84
Object7375,Instance1,995,-6,20,0.87,Instance2,995,-35,20,0.13
Object7376,Instance1,598,-40,150,0.14,Instance2,598,-9,150,0.86
Object7377,Instance1,384,-18,200,0.72,Instance2,384,-43,200,0.28
Object7378,Instance1,393,-36,190,0.37,Instance2,393,-31,190,0.63
Object7379,Instance1,360,-8,120,0.14,Instance2,360,-40,120,0.86
Object7380,Instance1,483,-15,190,0.98,Instance2,483,-9,190,0.02
Object7381,Instance1,280,-8,140,0.49,Instance2,280,-43,140,0.51
Object7382,Instance1,289,-47,60,0.33,Instance2,289,-48,60,0.67
Object7383,Instance1,870,-34,140,0.77,Instance2,870,-7,140,0.23
Object7384,Instance1,872,-21,130,0.73,Instance2,872,-46,130,0.27
Object7385,Instance1,97,-21,10,0.59,Instance2,97,-24,10,0.41
Object7386,Instance1,330,-26,20,1.0,Instance2,330,-40,20,0.0
Object7387,Instance1,280,-40,40,0.25,Instance2,280,-42,40,0.75
Object7388,Instance1,23,-28,170,0.58,Instance2,23,-33,170,0.42
Object7389,Instance1,128,-3,140,0.51,Instance2,128,-17,140,0.49
Object7390,Instance1,335,-37,140,0.88,Instance2,335,-10,140,0.12
Object7391,Instance1,60,-25,90,0.76,Instance2,60,-20,90,0.24
Object7392,Instance1,55,-12,110,0.9,Instance2,55,-26,110,0.1
Object7393,Instance1,320,-6,150,0.58,Instance2,320,-30,150,0.42
Object7394,Instance1,475,-4,160,0.76,Instance2,475,-23,160,0.24
Object7395,Instance1,776,-43,130,0.75,Instance2,776,-4,130,0.25
Object7396,Instance1,32,-25,100,0.06,Instance2,32,-29,100,0.94
Object7397,Instance1,952,-21,80,0.61,Instance2,952,-20,80,0.39
Object7398,Instance1,12,-34,50,0.37,Instance2,12,-42,50,0.63
Object7399,Instance1,575,-14,20,0.88,Instance2,575,-5,20,0.12
Object7400,Instance1,481,-31,70,0.87,Instance2,481,-16,70,0.13
Object7401,Instance1,674,-14,200,0.47,Instance2,674,-16,200,0.53
Object7402,Instance1,920,-46,180,0.87,Instance2,920,-22,180,0.13
Object7403,Instance1,514,-8,150,0.42,Instance2,514,-28,150,0.58
Object7404,Instance1,150,-43,150,0.21,Instance2,150,-17,150,0.79
Object7405,Instance1,244,-24,60,0.28,Instance2,244,-42,60,0.72
Object7406,Instance1,943,-48,10,0.25,Instance2,943,-23,10,0.75
Object7407,Instance1,905,-39,180,0.11,Instance2,905,-9,180,0.89
Object7408,Instance1,100,-20,120,0.76,Instance2,100,-5,120,0.24
Object7409,Instance1,418,-7,170,0.4,Instance2,418,-47,170,0.6
Object7410,Instance1,343,-50,150,0.54,Instance2,343,-40,150,0.46
Object7411,Instance1,466,-5,200,0.61,Instance2,466,-30,200,0.39
Object7412,Instance1,347,-40,170,0.63,Instance2,347,-14,170,0.37
Object7413,Instance1,751,-33,170,0.98,Instance2,751,-24,170,0.02
Object7414,Instance1,67,-22,200,0.49,Instance2,67,-36,200,0.51
Object7415,Instance1,761,-46,80,0.55,Instance2,761,-29,80,0.45
Object7416,Instance1,606,-27,130,0.31,Instance2,606,-25,130,0.69
Object7417,Instance1,945,-23,20,0.71,Instance2,945,-7,20,0.29
Object7418,Instance1,917,-45,180,0.36,Instance2,917,-25,180,0.64
Object7419,Instance1,485,-48,200,0.21,Instance2,485,-25,200,0.79
Object7420,Instance1,202,-46,100,0.7,Instance2,202,-1,100,0.3
Object7421,Instance1,914,-50,30,0.73,Instance2,914,-12,30,0.27
Object7422,Instance1,362,-41,50,0.96,Instance2,362,-14,50,0.04
Object7423,Instance1,491,-27,90,0.02,Instance2,491,-45,90,0.98
Object7424,Instance1,144,-24,20,0.45,Instance2,144,-14,20,0.55
Object7425,Instance1,565,-34,80,0.55,Instance2,565,-11,80,0.45
Object7426,Instance1,853,-9,190,0.19,Instance2,853,-20,190,0.81
Object7427,Instance1,698,-8,170,0.29,Instance2,698,-49,170,0.71
Object7428,Instance1,441,-29,30,0.52,Instance2,441,-32,30,0.48
Object7429,Instance1,747,-13,100,0.65,Instance2,747,-36,100,0.35
Object7430,Instance1,302,-3,180,0.91,Instance2,302,-9,180,0.09
Object7431,Instance1,88,-31,40,0.99,Instance2,88,-39,40,0.01
Object7432,Instance1,656,-43,160,0.78,Instance2,656,-44,160,0.22
Object7433,Instance1,238,-48,140,0.2,Instance2,238,-23,140,0.8
Object7434,Instance1,622,-27,200,0.45,Instance2,622,-23,200,0.55
Object7435,Instance1,991,-47,10,0.98,Instance2,991,-19,10,0.02
Object7436,Instance1,383,-43,170,0.69,Instance2,383,-42,170,0.31
Object7437,Instance1,215,-49,180,0.52,Instance2,215,-17,180,0.48
Object7438,Instance1,659,-21,150,0.14,Instance2,659,-23,150,0.86
Object7439,Instance1,462,-9,120,0.27,Instance2,462,-12,120,0.73
Object7440,Instance1,530,-45,110,0.43,Instance2,530,-33,110,0.57
Object7441,Instance1,523,-10,20,0.27,Instance2,523,-9,20,0.73
Object7442,Instance1,771,-5,10,0.46,Instance2,771,-40,10,0.54
Object7443,Instance1,349,-2,30,0.76,Instance2,349,-34,30,0.24
Object7444,Instance1,345,-1,130,0.68,Instance2,345,-21,130,0.32
Object7445,Instance1,98,-17,170,0.1,Instance2,98,-4,170,0.9
Object7446,Instance1,29,-16,10,0.29,Instance2,29,-31,10,0.71
Object7447,Instance1,87,-10,170,0.59,Instance2,87,-41,170,0.41
Object7448,Instance1,14,-7,150,0.38,Instance2,14,-46,150,0.62
Object7449,Instance1,374,-47,40,0.08,Instance2,374,-35,40,0.92
Object7450,Instance1,118,-44,30,0.95,Instance2,118,-7,30,0.05
Object7451,Instance1,498,-15,130,0.06,Instance2,498,-40,130,0.94
Object7452,Instance1,931,-22,90,0.02,Instance2,931,-32,90,0.98
Object7453,Instance1,22,-25,120,0.36,Instance2,22,-16,120,0.64
Object7454,Instance1,903,-49,20,0.78,Instance2,903,-3,20,0.22
Object7455,Instance1,310,-31,80,0.52,Instance2,310,-29,80,0.48
Object7456,Instance1,906,-6,100,0.46,Instance2,906,-39,100,0.54
Object7457,Instance1,172,-16,120,0.34,Instance2,172,-16,120,0.66
Object7458,Instance1,604,-48,100,0.84,Instance2,604,-31,100,0.16
Object7459,Instance1,122,-9,50,0.0,Instance2,122,-45,50,1.0
Object7460,Instance1,704,-24,140,0.48,Instance2,704,-34,140,0.52
Object7461,Instance1,668,-47,70,0.52,Instance2,668,-32,70,0.48
Object7462,Instance1,106,-18,140,0.67,Instance2,106,-10,140,0.33
Object7463,Instance1,368,-9,80,0.88,Instance2,368,-26,80,0.12
Object7464,Instance1,404,-34,80,0.61,Instance2,404,-50,80,0.39
Object7465,Instance1,418,-41,110,0.66,Instance2,418,-25,110,0.34
Object7466,Instance1,505,-39,60,0.43,Instance2,505,-2,60,0.57
Object7467,Instance1,188,-50,70,0.61,Instance2,188,-47,70,0.39
Object7468,Instance1,579,-39,20,0.2,Instance2,579,-48,20,0.8
Object7469,Instance1,25,-11,30,0.0,Instance2,25,-2,30,1.0
Object7470,Instance1,878,-2,130,0.81,Instance2,878,-18,130,0.19
Object7471,Instance1,807,-42,170,0.7,Instance2,807,-12,170,0.3
Object7472,Instance1,11,-27,170,0.48,Instance2,11,-18,170,0.52
Object7473,Instance1,641,-31,80,0.09,Instance2,641,-16,80,0.91
Object7474,Instance1,34,-26,90,0.25,Instance2,34,-19,90,0.75
Object7475,Instance1,997,-43,190,0.34,Instance2,997,-49,190,0.66
Object7476,Instance1,772,-11,40,0.63,Instance2,772,-25,40,0.37
Object7477,Instance1,472,-23,50,0.35,Instance2,472,-13,50,0.65
Object7478,Instance1,195,-21,60,0.01,Instance2,195,-3,60,0.99
Object7479,Instance1,592,-46,100,0.73,Instance2,592,-8,100,0.27
Object7480,Instance1,26,-22,60,0.04,Instance2,26,-48,60,0.96
Object7481,Instance1,793,-23,30,0.08,Instance2,793,-29,30,0.92
Object7482,Instance1,163,-15,190,0.08,Instance2,163,-30,190,0.92
Object7483,Instance1,315,-7,100,0.58,Instance2,315,-30,100,0.42
Object7484,Instance1,595,-47,90,0.42,Instance2,595,-36,90,0.58
Object7485,Instance1,195,-4,190,0.67,Instance2,195,-36,190,0.33
Object7486,Instance1,184,-47,50,0.27,Instance2,184,-24,50,0.73
Object7487,Instance1,945,-26,150,0.35,Instance2,945,-44,150,0.65
Object7488,Instance1,208,-8,80,0.53,Instance2,208,-7,80,0.47
Object7489,Instance1,393,-22,40,0.09,Instance2,393,-7,40,0.91
Object7490,Instance1,227,-43,190,0.9,Instance2,227,-20,190,0.1
Object7491,Instance1,359,-29,160,0.13,Instance2,359,-2,160,0.87
Object7492,Instance1,624,-17,110,0.06,Instance2,624,-26,110,0.94
Object7493,Instance1,20,-23,140,0.86,Instance2,20,-41,140,0.14
Object7494,Instance1,21,-3,50,0.42,Instance2,21,-28,50,0.58
Object7495,Instance1,652,-15,160,0.34,Instance2,652,-27,160,0.66
Object7496,Instance1,716,-45,10,0.14,Instance2,716,-19,10,0.86
Object7497,Instance1,186,-46,40,0.08,Instance2,186,-30,40,0.92
Object7498,Instance1,182,-4,80,0.48,Instance2,182,-11,80,0.52
Object7499,Instance1,807,-24,40,0.97,Instance2,807,-23,40,0.03
Object7500,Instance1,954,-45,60,0.23,Instance2,954,-8,60,0.77
Object7501,Instance1,892,-35,10,0.14,Instance2,892,-27,10,0.86
Object7502,Instance1,55,-15,90,1.0,Instance2,55,-47,90,0.0
Object7503,Instance1,916,-50,70,0.21,Instance2,916,-34,70,0.79
Object7504,Instance1,798,-39,200,0.33,Instance2,798,-14,200,0.67
Object7505,Instance1,938,-15,20,0.82,Instance2,938,-35,20,0.18
Object7506,Instance1,100,-5,20,0.92,Instance2,100,-38,20,0.08
Object7507,Instance1,232,-14,160,0.2,Instance2,232,-36,160,0.8
Object7508,Instance1,838,-42,60,0.63,Instance2,838,-30,60,0.37
Object7509,Instance1,971,-17,140,0.86,Instance2,971,-16,140,0.14
Object7510,Instance1,796,-49,60,0.61,Instance2,796,-43,60,0.39
Object7511,Instance1,169,-42,160,0.14,Instance2,169,-4,160,0.86
Object7512,Instance1,430,-34,200,0.46,Instance2,430,-8,200,0.54
Object7513,Instance1,722,-18,20,0.03,Instance2,722,-45,20,0.97
Object7514,Instance1,822,-21,200,0.35,Instance2,822,-6,200,0.65
Object7515,Instance1,309,-39,30,0.02,Instance2,309,-7,30,0.98
Object7516,Instance1,128,-46,140,0.66,Instance2,128,-19,140,0.34
Object7517,Instance1,336,-10,110,0.13,Instance2,336,-26,110,0.87
Object7518,Instance1,915,-1,50,0.91,Instance2,915,-28,50,0.09
Object7519,Instance1,419,-2,190,0.38,Instance2,419,-47,190,0.62
Object7520,Instance1,832,-22,60,0.82,Instance2,832,-19,60,0.18
Object7521,Instance1,65,-8,20,0.5,Instance2,65,-21,20,0.5
Object7522,Instance1,297,-11,60,0.92,Instance2,297,-8,60,0.08
Object7523,Instance1,779,-13,50,0.37,Instance2,779,-19,50,0.63
Object7524,Instance1,191,-49,80,0.97,Instance2,191,-41,80,0.03
Object7525,Instance1,595,-25,20,0.25,Instance2,595,-39,20,0.75
Object7526,Instance1,582,-44,150,0.04,Instance2,582,-29,150,0.96
Object7527,Instance1,96,-12,50,0.96,Instance2,96,-30,50,0.04
Object7528,Instance1,828,-21,80,0.6,Instance2,828,-20,80,0.4
Object7529,Instance1,644,-18,150,0.61,Instance2,644,-8,150,0.39
Object7530,Instance1,359,-12,70,0.47,Instance2,359,-21,70,0.53
Object7531,Instance1,39,-1,160,0.5,Instance2,39,-31,160,0.5
Object7532,Instance1,4,-43,80,0.7,Instance2,4,-15,80,0.3
Object7533,Instance1,719,-8,90,0.0,Instance2,719,-17,90,1.0
Object7534,Instance1,319,-35,140,0.35,Instance2,319,-18,140,0.65
Object7535,Instance1,476,-18,150,0.16,Instance2,476,-47,150,0.84
Object7536,Instance1,5,-33,130,0.64,Instance2,5,-20,130,0.36
Object7537,Instance1,790,-39,200,0.63,Instance2,790,-22,200,0.37
Object7538,Instance1,713,-32,100,0.48,Instance2,713,-39,100,0.52
Object7539,Instance1,590,-23,60,0.41,Instance2,590,-28,60,0.59
Object7540,Instance1,71,-2,180,0.53,Instance2,71,-17,180,0.47
Object7541,Instance1,401,-1,80,0.55,Instance2,401,-46,80,0.45
Object7542,Instance1,918,-35,50,0.05,Instance2,918,-16,50,0.95
Object7543,Instance1,191,-40,50,0.09,Instance2,191,-22,50,0.91
Object7544,Instance1,468,-47,180,0.56,Instance2,468,-43,180,0.44
Object7545,Instance1,389,-16,80,0.49,Instance2,389,-24,80,0.51
Object7546,Instance1,349,-11,50,0.79,Instance2,349,-36,50,0.21
Object7547,Instance1,997,-26,200,0.31,Instance2,997,-33,200,0.69
Object7548,Instance1,432,-37,190,0.99,Instance2,432,-9,190,0.01
Object7549,Instance1,44,-20,90,0.57,Instance2,44,-6,90,0.43
Object7550,Instance1,700,-23,60,0.4,Instance2,700,-41,60,0.6
Object7551,Instance1,239,-11,130,0.13,Instance2,239,-39,130,0.87
Object7552,Instance1,388,-8,100,0.67,Instance2,388,-29,100,0.33
Object7553,Instance1,520,-27,170,0.45,Instance2,520,-6,170,0.55
Object7554,Instance1,74,-47,160,0.29,Instance2,74,-47,160,0.71
Object7555,Instance1,140,-8,60,0.69,Instance2,140,-37,60,0.31
Object7556,Instance1,551,-21,30,0.77,Instance2,551,-43,30,0.23
Object7557,Instance1,399,-15,90,0.3,Instance2,399,-8,90,0.7
Object7558,Instance1,346,-33,10,0.01,Instance2,346,-29,10,0.99
Object7559,Instance1,268,-3,150,0.63,Instance2,268,-14,150,0.37
Object7560,Instance1,902,-48,140,0.37,Instance2,902,-31,140,0.63
Object7561,Instance1,140,-18,40,0.15,Instance2,140,-6,40,0.85
Object7562,Instance1,25,-4,190,0.28,Instance2,25,-24,190,0.72
Object7563,Instance1,109,-30,30,0.67,Instance2,109,-2,30,0.33
Object7564,Instance1,998,-6,190,0.39,Instance2,998,-36,190,0.61
Object7565,Instance1,832,-6,80,0.97,Instance2,832,-44,80,0.03
Object7566,Instance1,394,-15,90,0.12,Instance2,394,-26,90,0.88
Object7567,Instance1,34,-41,50,0.56,Instance2,34,-8,50,0.44
Object7568,Instance1,697,-21,140,0.17,Instance2,697,-49,140,0.83
Object7569,Instance1,651,-8,10,0.06,Instance2,651,-23,10,0.94
Object7570,Instance1,947,-9,90,0.64,Instance2,947,-46,90,0.36
Object7571,Instance1,472,-9,30,0.36,Instance2,472,-38,30,0.64
Object7572,Instance1,895,-12,190,0.73,Instance2,895,-5,190,0.27
Object7573,Instance1,183,-25,60,0.63,Instance2,183,-33,60,0.37
Object7574,Instance1,408,-21,50,0.51,Instance2,408,-40,50,0.49
Object7575,Instance1,395,-49,160,0.6,Instance2,395,-6,160,0.4
Object7576,Instance1,618,-4,100,0.14,Instance2,618,-40,100,0.86
Object7577,Instance1,578,-50,200,0.32,Instance2,578,-12,200,0.68
Object7578,Instance1,791,-2,200,0.15,Instance2,791,-9,200,0.85
Object7579,Instance1,794,-35,10,0.71,Instance2,794,-36,10,0.29
Object7580,Instance1,735,-36,10,0.57,Instance2,735,-15,10,0.43
Object7581,Instance1,152,-7,160,0.57,Instance2,152,-50,160,0.43
Object7582,Instance1,872,-50,200,0.78,Instance2,872,-9,200,0.22
Object7583,Instance1,763,-18,60,0.42,Instance2,763,-22,60,0.58
Object7584,Instance1,881,-8,160,0.89,Instance2,881,-10,160,0.11
Object7585,Instance1,584,-7,50,0.99,Instance2,584,-41,50,0.01
Object7586,Instance1,545,-38,160,0.94,Instance2,545,-35,160,0.06
Object7587,Instance1,571,-47,100,0.51,Instance2,571,-40,100,0.49
Object7588,Instance1,145,-12,200,0.29,Instance2,145,-38,200,0.71
Object7589,Instance1,270,-33,40,0.1,Instance2,270,-36,40,0.9
Object7590,Instance1,628,-10,200,0.09,Instance2,628,-45,200,0.91
Object7591,Instance1,911,-28,70,0.71,Instance2,911,-5,70,0.29
Object7592,Instance1,358,-31,90,0.06,Instance2,358,-13,90,0.94
Object7593,Instance1,373,-28,180,0.71,Instance2,373,-27,180,0.29
Object7594,Instance1,923,-5,60,0.68,Instance2,923,-7,60,0.32
Object7595,Instance1,413,-32,80,0.31,Instance2,413,-41,80,0.69
Object7596,Instance1,476,-13,70,0.88,Instance2,476,-45,70,0.12
Object7597,Instance1,727,-42,70,0.67,Instance2,727,-25,70,0.33
Object7598,Instance1,615,-49,190,0.31,Instance2,615,-32,190,0.69
Object7599,Instance1,942,-28,90,0.86,Instance2,942,-45,90,0.14
Object7600,Instance1,918,-4,170,0.03,Instance2,918,-6,170,0.97
Object7601,Instance1,912,-27,40,0.81,Instance2,912,-4,40,0.19
Object7602,Instance1,87,-46,90,0.45,Instance2,87,-8,90,0.55
Object7603,Instance1,538,-18,100,0.77,Instance2,538,-40,100,0.23
Object7604,Instance1,844,-17,80,0.4,Instance2,844,-15,80,0.6
Object7605,Instance1,972,-34,40,0.91,Instance2,972,-12,40,0.09
Object7606,Instance1,848,-16,30,0.65,Instance2,848,-11,30,0.35
Object7607,Instance1,765,-48,50,0.23,Instance2,765,-46,50,0.77
Object7608,Instance1,560,-30,90,0.07,Instance2,560,-8,90,0.93
Object7609,Instance1,333,-47,60,0.47,Instance2,333,-8,60,0.53
Object7610,Instance1,295,-19,40,0.35,Instance2,295,-32,40,0.65
Object7611,Instance1,645,-33,10,0.47,Instance2,645,-2,10,0.53
Object7612,Instance1,514,-4,50,0.86,Instance2,514,-19,50,0.14
Object7613,Instance1,375,-9,40,0.96,Instance2,375,-18,40,0.04
Object7614,Instance1,289,-17,160,0.9,Instance2,289,-31,160,0.1
Object7615,Instance1,931,-50,60,0.21,Instance2,931,-6,60,0.79
Object7616,Instance1,741,-22,190,0.8,Instance2,741,-43,190,0.2
Object7617,Instance1,41,-29,120,0.97,Instance2,41,-24,120,0.03
Object7618,Instance1,516,-40,110,0.37,Instance2,516,-19,110,0.63
Object7619,Instance1,617,-46,10,0.66,Instance2,617,-18,10,0.34
Object7620,Instance1,389,-16,110,0.53,Instance2,389,-24,110,0.47
Object7621,Instance1,250,-25,50,0.5,Instance2,250,-33,50,0.5
Object7622,Instance1,785,-43,140,0.26,Instance2,785,-47,140,0.74
Object7623,Instance1,148,-25,140,0.16,Instance2,148,-32,140,0.84
Object7624,Instance1,747,-45,150,0.92,Instance2,747,-45,150,0.08
Object7625,Instance1,710,-50,40,0.41,Instance2,710,-6,40,0.59
Object7626,Instance1,28,-34,190,0.83,Instance2,28,-32,190,0.17
Object7627,Instance1,883,-41,190,0.1,Instance2,883,-7,190,0.9
Object7628,Instance1,903,-39,50,0.43,Instance2,903,-25,50,0.57
Object7629,Instance1,650,-14,80,0.32,Instance2,650,-46,80,0.68
Object7630,Instance1,323,-21,30,0.62,Instance2,323,-15,30,0.38
Object7631,Instance1,622,-6,60,0.72,Instance2,622,-17,60,0.28
Object7632,Instance1,808,-26,190,0.79,Instance2,808,-14,190,0.21
Object7633,Instance1,255,-18,120,0.69,Instance2,255,-39,120,0.31
Object7634,Instance1,554,-39,100,0.6,Instance2,554,-18,100,0.4
Object7635,Instance1,985,-41,140,0.52,Instance2,985,-41,140,0.48
Object7636,Instance1,992,-30,40,0.41,Instance2,992,-34,40,0.59
Object7637,Instance1,706,-50,80,0.79,Instance2,706,-45,80,0.21
Object7638,Instance1,805,-12,100,0.6,Instance2,805,-36,100,0.4
Object7639,Instance1,716,-8,20,0.2,Instance2,716,-33,20,0.8
Object7640,Instance1,242,-20,110,0.14,Instance2,242,-37,110,0.86
Object7641,Instance1,835,-12,30,0.25,Instance2,835,-33,30,0.75
Object7642,Instance1,130,-8,190,0.78,Instance2,130,-3,190,0.22
Object7643,Instance1,375,-27,200,0.91,Instance2,375,-37,200,0.09
Object7644,Instance1,615,-45,90,0.47,Instance2,615,-21,90,0.53
Object7645,Instance1,659,-19,110,0.0,Instance2,659,-1,110,1.0
Object7646,Instance1,405,-32,50,0.33,Instance2,405,-38,50,0.67
Object7647,Instance1,334,-15,200,0.84,Instance2,334,-18,200,0.16
Object7648,Instance1,757,-4,130,0.18,Instance2,757,-8,130,0.82
Object7649,Instance1,519,-32,10,0.32,Instance2,519,-44,10,0.68
Object7650,Instance1,149,-20,130,0.22,Instance2,149,-32,130,0.78
Object7651,Instance1,373,-34,150,0.85,Instance2,373,-39,150,0.15
Object7652,Instance1,559,-34,200,0.76,Instance2,559,-45,200,0.24
Object7653,Instance1,353,-44,70,0.4,Instance2,353,-36,70,0.6
Object7654,Instance1,352,-8,60,0.01,Instance2,352,-10,60,0.99
Object7655,Instance1,632,-35,150,0.34,Instance2,632,-20,150,0.66
Object7656,Instance1,634,-7,150,0.92,Instance2,634,-21,150,0.08
Object7657,Instance1,240,-28,90,0.45,Instance2,240,-43,90,0.55
Object7658,Instance1,205,-2,70,0.03,Instance2,205,-7,70,0.97
Object7659,Instance1,118,-42,140,0.84,Instance2,118,-17,140,0.16
Object7660,Instance1,467,-39,90,0.6,Instance2,467,-34,90,0.4
Object7661,Instance1,112,-26,60,0.51,Instance2,112,-43,60,0.49
Object7662,Instance1,762,-13,80,0.61,Instance2,762,-8,80,0.39
Object7663,Instance1,293,-41,100,0.82,Instance2,293,-27,100,0.18
Object7664,Instance1,268,-45,30,0.41,Instance2,268,-50,30,0.59
Object7665,Instance1,524,-46,150,0.57,Instance2,524,-23,150,0.43
Object7666,Instance1,626,-28,140,0.24,Instance2,626,-41,140,0.76
Object7667,Instance1,304,-45,170,0.26,Instance2,304,-8,170,0.74
Object7668,Instance1,143,-26,150,0.33,Instance2,143,-10,150,0.67
Object7669,Instance1,106,-19,170,0.52,Instance2,106,-21,170,0.48
Object7670,Instance1,202,-25,190,0.06,Instance2,202,-42,190,0.94
Object7671,Instance1,974,-40,10,0.99,Instance2,974,-20,10,0.01
Object7672,Instance1,345,-42,70,0.65,Instance2,345,-43,70,0.35
Object7673,Instance1,753,-29,170,0.88,Instance2,753,-45,170,0.12
Object7674,Instance1,581,-50,60,0.33,Instance2,581,-28,60,0.67
Object7675,Instance1,634,-16,130,0.55,Instance2,634,-38,130,0.45
Object7676,Instance1,276,-18,80,0.44,Instance2,276,-4,80,0.56
Object7677,Instance1,585,-36,150,0.23,Instance2,585,-14,150,0.77
Object7678,Instance1,496,-47,20,0.9,Instance2,496,-21,20,0.1
Object7679,Instance1,63,-31,80,0.59,Instance2,63,-44,80,0.41
Object7680,Instance1,112,-9,130,0.55,Instance2,112,-6,130,0.45
Object7681,Instance1,627,-28,200,0.52,Instance2,627,-29,200,0.48
Object7682,Instance1,917,-26,60,0.4,Instance2,917,-13,60,0.6
Object7683,Instance1,28,-29,120,0.4,Instance2,28,-4,120,0.6
Object7684,Instance1,422,-34,40,0.4,Instance2,422,-22,40,0.6
Object7685,Instance1,975,-45,110,0.4,Instance2,975,-15,110,0.6
Object7686,Instance1,41,-46,80,0.27,Instance2,41,-28,80,0.73
Object7687,Instance1,51,-12,160,0.99,Instance2,51,-41,160,0.01
Object7688,Instance1,845,-44,70,0.18,Instance2,845,-14,70,0.82
Object7689,Instance1,585,-50,40,0.24,Instance2,585,-5,40,0.76
Object7690,Instance1,112,-3,180,0.57,Instance2,112,-28,180,0.43
Object7691,Instance1,845,-17,70,0.66,Instance2,845,-17,70,0.34
Object7692,Instance1,991,-31,10,0.52,Instance2,991,-38,10,0.48
Object7693,Instance1,662,-23,80,0.1,Instance2,662,-39,80,0.9
Object7694,Instance1,345,-50,90,0.64,Instance2,345,-28,90,0.36
Object7695,Instance1,977,-25,100,0.35,Instance2,977,-49,100,0.65
Object7696,Instance1,571,-22,150,0.92,Instance2,571,-28,150,0.08
Object7697,Instance1,751,-15,200,0.86,Instance2,751,-8,200,0.14
Object7698,Instance1,380,-33,90,0.51,Instance2,380,-44,90,0.49
Object7699,Instance1,231,-24,200,0.78,Instance2,231,-40,200,0.22
Object7700,Instance1,854,-17,100,0.19,Instance2,854,-34,100,0.81
Object7701,Instance1,773,-9,10,0.75,Instance2,773,-8,10,0.25
Object7702,Instance1,772,-48,10,0.23,Instance2,772,-9,10,0.77
Object7703,Instance1,574,-33,200,0.31,Instance2,574,-47,200,0.69
Object7704,Instance1,86,-14,190,0.6,Instance2,86,-21,190,0.4
Object7705,Instance1,998,-27,30,0.74,Instance2,998,-12,30,0.26
Object7706,Instance1,3,-18,180,0.26,Instance2,3,-32,180,0.74
Object7707,Instance1,2,-31,90,0.16,Instance2,2,-9,90,0.84
Object7708,Instance1,846,-1,50,0.76,Instance2,846,-33,50,0.24
Object7709,Instance1,835,-2,30,0.92,Instance2,835,-42,30,0.08
Object7710,Instance1,226,-17,90,0.98,Instance2,226,-22,90,0.02
Object7711,Instance1,632,-24,120,0.87,Instance2,632,-5,120,0.13
Object7712,Instance1,778,-24,80,0.3,Instance2,778,-45,80,0.7
Object7713,Instance1,271,-25,40,0.56,Instance2,271,-2,40,0.44
Object7714,Instance1,333,-5,60,0.35,Instance2,333,-8,60,0.65
Object7715,Instance1,368,-33,170,0.5,Instance2,368,-41,170,0.5
Object7716,Instance1,458,-50,70,0.21,Instance2,458,-42,70,0.79
Object7717,Instance1,544,-29,180,0.69,Instance2,544,-4,180,0.31
Object7718,Instance1,676,-20,120,0.38,Instance2,676,-50,120,0.62
Object7719,Instance1,458,-9,20,0.04,Instance2,458,-39,20,0.96
Object7720,Instance1,60,-8,30,0.79,Instance2,60,-44,30,0.21
Object7721,Instance1,87,-14,120,0.27,Instance2,87,-48,120,0.73
Object7722,Instance1,496,-35,60,0.13,Instance2,496,-48,60,0.87
Object7723,Instance1,531,-11,90,0.26,Instance2,531,-42,90,0.74
Object7724,Instance1,867,-48,50,0.28,Instance2,867,-40,50,0.72
Object7725,Instance1,634,-9,140,0.96,Instance2,634,-43,140,0.04
Object7726,Instance1,58,-4,140,0.12,Instance2,58,-26,140,0.88
Object7727,Instance1,534,-13,170,0.45,Instance2,534,-1,170,0.55
Object7728,Instance1,841,-14,140,0.59,Instance2,841,-39,140,0.41
Object7729,Instance1,369,-29,180,0.91,Instance2,369,-48,180,0.09
Object7730,Instance1,775,-49,180,0.88,Instance2,775,-15,180,0.12
Object7731,Instance1,976,-38,200,0.26,Instance2,976,-1,200,0.74
Object7732,Instance1,453,-9,200,0.94,Instance2,453,-5,200,0.06
Object7733,Instance1,989,-3,60,0.74,Instance2,989,-14,60,0.26
Object7734,Instance1,181,-35,20,0.99,Instance2,181,-34,20,0.01
Object7735,Instance1,8,-27,170,0.78,Instance2,8,-47,170,0.22
Object7736,Instance1,49,-12,100,0.15,Instance2,49,-6,100,0.85
Object7737,Instance1,637,-44,30,0.36,Instance2,637,-21,30,0.64
Object7738,Instance1,361,-41,20,0.69,Instance2,361,-36,20,0.31
Object7739,Instance1,259,-23,70,0.94,Instance2,259,-15,70,0.06
Object7740,Instance1,959,-7,180,0.04,Instance2,959,-12,180,0.96
Object7741,Instance1,736,-8,80,0.59,Instance2,736,-4,80,0.41
Object7742,Instance1,106,-2,40,0.85,Instance2,106,-23,40,0.15
Object7743,Instance1,430,-43,100,0.03,Instance2,430,-12,100,0.97
Object7744,Instance1,938,-30,40,0.6,Instance2,938,-2,40,0.4
Object7745,Instance1,330,-11,170,0.99,Instance2,330,-28,170,0.01
Object7746,Instance1,391,-39,30,0.63,Instance2,391,-27,30,0.37
Object7747,Instance1,213,-23,90,0.05,Instance2,213,-5,90,0.95
Object7748,Instance1,902,-14,20,0.22,Instance2,902,-41,20,0.78
Object7749,Instance1,779,-37,180,0.77,Instance2,779,-8,180,0.23
Object7750,Instance1,617,-48,200,0.59,Instance2,617,-14,200,0.41
Object7751,Instance1,557,-6,80,0.58,Instance2,557,-15,80,0.42
Object7752,Instance1,34,-28,40,0.72,Instance2,34,-8,40,0.28
Object7753,Instance1,504,-19,160,0.49,Instance2,504,-46,160,0.51
Object7754,Instance1,782,-10,120,0.34,Instance2,782,-15,120,0.66
Object7755,Instance1,852,-8,130,0.2,Instance2,852,-15,130,0.8
Object7756,Instance1,299,-16,140,0.89,Instance2,299,-15,140,0.11
Object7757,Instance1,844,-43,200,0.09,Instance2,844,-20,200,0.91
Object7758,Instance1,240,-22,90,0.03,Instance2,240,-28,90,0.97
Object7759,Instance1,169,-22,160,0.24,Instance2,169,-41,160,0.76
Object7760,Instance1,61,-19,200,0.98,Instance2,61,-25,200,0.02
Object7761,Instance1,215,-23,90,0.76,Instance2,215,-42,90,0.24
Object7762,Instance1,690,-30,100,0.97,Instance2,690,-6,100,0.03
Object7763,Instance1,798,-32,140,0.44,Instance2,798,-42,140,0.56
Object7764,Instance1,783,-22,110,0.82,Instance2,783,-20,110,0.18
Object7765,Instance1,735,-46,80,0.11,Instance2,735,-50,80,0.89
Object7766,Instance1,228,-22,10,0.79,Instance2,228,-21,10,0.21
Object7767,Instance1,867,-28,170,0.73,Instance2,867,-21,170,0.27
Object7768,Instance1,123,-48,190,0.51,Instance2,123,-21,190,0.49
Object7769,Instance1,776,-10,10,0.21,Instance2,776,-33,10,0.79
Object7770,Instance1,854,-14,10,0.55,Instance2,854,-21,10,0.45
Object7771,Instance1,798,-49,160,0.37,Instance2,798,-28,160,0.63
Object7772,Instance1,565,-26,190,0.46,Instance2,565,-45,190,0.54
Object7773,Instance1,689,-19,70,0.56,Instance2,689,-32,70,0.44
Object7774,Instance1,683,-42,160,0.78,Instance2,683,-5,160,0.22
Object7775,Instance1,233,-47,150,0.57,Instance2,233,-16,150,0.43
Object7776,Instance1,667,-17,110,0.66,Instance2,667,-37,110,0.34
Object7777,Instance1,637,-36,170,0.7,Instance2,637,-10,170,0.3
Object7778,Instance1,743,-50,140,0.12,Instance2,743,-37,140,0.88
Object7779,Instance1,734,-37,100,0.49,Instance2,734,-9,100,0.51
Object7780,Instance1,842,-8,20,0.37,Instance2,842,-50,20,0.63
Object7781,Instance1,358,-19,190,0.42,Instance2,358,-45,190,0.58
Object7782,Instance1,720,-30,180,0.68,Instance2,720,-38,180,0.32
Object7783,Instance1,480,-9,180,0.13,Instance2,480,-3,180,0.87
Object7784,Instance1,168,-37,150,0.67,Instance2,168,-41,150,0.33
Object7785,Instance1,196,-22,110,0.6,Instance2,196,-13,110,0.4
Object7786,Instance1,540,-26,120,0.8,Instance2,540,-47,120,0.2
Object7787,Instance1,258,-8,50,0.46,Instance2,258,-9,50,0.54
Object7788,Instance1,30,-33,160,0.12,Instance2,30,-34,160,0.88
Object7789,Instance1,818,-32,110,0.53,Instance2,818,-14,110,0.47
Object7790,Instance1,104,-27,10,0.23,Instance2,104,-37,10,0.77
Object7791,Instance1,222,-31,130,0.78,Instance2,222,-17,130,0.22
Object7792,Instance1,156,-31,110,0.94,Instance2,156,-7,110,0.06
Object7793,Instance1,882,-27,120,0.7,Instance2,882,-27,120,0.3
Object7794,Instance1,159,-46,110,0.99,Instance2,159,-25,110,0.01
Object7795,Instance1,404,-35,170,0.82,Instance2,404,-23,170,0.18
Object7796,Instance1,456,-46,130,0.27,Instance2,456,-37,130,0.73
Object7797,Instance1,109,-31,110,0.34,Instance2,109,-22,110,0.66
Object7798,Instance1,794,-28,80,0.59,Instance2,794,-41,80,0.41
Object7799,Instance1,772,-14,40,0.44,Instance2,772,-28,40,0.56
Object7800,Instance1,715,-6,190,0.64,Instance2,715,-40,190,0.36
Object7801,Instance1,380,-31,90,0.83,Instance2,380,-36,90,0.17
Object7802,Instance1,940,-3,90,0.49,Instance2,940,-7,90,0.51
Object7803,Instance1,194,-6,170,0.09,Instance2,194,-18,170,0.91
Object7804,Instance1,863,-31,140,0.81,Instance2,863,-27,140,0.19
Object7805,Instance1,116,-22,20,0.19,Instance2,116,-22,20,0.81
Object7806,Instance1,183,-21,30,0.66,Instance2,183,-21,30,0.34
Object7807,Instance1,875,-16,30,0.16,Instance2,875,-18,30,0.84
Object7808,Instance1,895,-3,70,0.62,Instance2,895,-11,70,0.38
Object7809,Instance1,176,-9,90,0.66,Instance2,176,-28,90,0.34
Object7810,Instance1,456,-27,170,0.83,Instance2,456,-41,170,0.17
Object7811,Instance1,615,-5,50,0.93,Instance2,615,-19,50,0.07
Object7812,Instance1,217,-24,110,0.35,Instance2,217,-47,110,0.65
Object7813,Instance1,678,-3,100,0.42,Instance2,678,-21,100,0.58
Object7814,Instance1,317,-10,20,0.04,Instance2,317,-37,20,0.96
Object7815,Instance1,254,-31,110,0.48,Instance2,254,-18,110,0.52
Object7816,Instance1,34,-5,200,0.79,Instance2,34,-15,200,0.21
Object7817,Instance1,473,-43,80,0.03,Instance2,473,-47,80,0.97
Object7818,Instance1,908,-19,130,0.07,Instance2,908,-50,130,0.93
Object7819,Instance1,946,-21,100,0.91,Instance2,946,-25,100,0.09
Object7820,Instance1,652,-7,40,0.02,Instance2,652,-35,40,0.98
Object7821,Instance1,614,-5,70,0.3,Instance2,614,-21,70,0.7
Object7822,Instance1,454,-31,200,0.55,Instance2,454,-43,200,0.45
Object7823,Instance1,351,-1,160,0.63,Instance2,351,-7,160,0.37
Object7824,Instance1,493,-44,200,0.1,Instance2,493,-23,200,0.9
Object7825,Instance1,463,-5,30,0.36,Instance2,463,-40,30,0.64
Object7826,Instance1,109,-14,180,0.34,Instance2,109,-37,180,0.66
Object7827,Instance1,924,-46,200,0.41,Instance2,924,-24,200,0.59
Object7828,Instance1,142,-17,80,0.47,Instance2,142,-22,80,0.53
Object7829,Instance1,196,-44,140,0.93,Instance2,196,-13,140,0.07
Object7830,Instance1,683,-24,160,0.72,Instance2,683,-28,160,0.28
Object7831,Instance1,303,-24,120,0.43,Instance2,303,-48,120,0.57
Object7832,Instance1,275,-14,80,0.13,Instance2,275,-3,80,0.87
Object7833,Instance1,245,-11,70,0.78,Instance2,245,-25,70,0.22
Object7834,Instance1,394,-11,110,0.49,Instance2,394,-36,110,0.51
Object7835,Instance1,88,-25,180,0.77,Instance2,88,-27,180,0.23
Object7836,Instance1,63,-32,50,0.49,Instance2,63,-38,50,0.51
Object7837,Instance1,138,-29,140,0.39,Instance2,138,-9,140,0.61
Object7838,Instance1,874,-21,20,0.5,Instance2,874,-30,20,0.5
Object7839,Instance1,762,-13,90,0.88,Instance2,762,-31,90,0.12
Object7840,Instance1,519,-33,80,0.28,Instance2,519,-19,80,0.72
Object7841,Instance1,56,-36,50,0.14,Instance2,56,-4,50,0.86
Object7842,Instance1,669,-45,50,0.0,Instance2,669,-30,50,1.0
Object7843,Instance1,450,-33,50,0.43,Instance2,450,-32,50,0.57
Object7844,Instance1,464,-34,90,0.53,Instance2,464,-10,90,0.47
Object7845,Instance1,645,-41,80,0.68,Instance2,645,-8,80,0.32
Object7846,Instance1,731,-45,90,1.0,Instance2,731,-18,90,0.0
Object7847,Instance1,575,-40,40,0.74,Instance2,575,-22,40,0.26
Object7848,Instance1,338,-27,180,0.74,Instance2,338,-24,180,0.26
Object7849,Instance1,27,-43,100,0.31,Instance2,27,-21,100,0.69
Object7850,Instance1,647,-44,20,0.1,Instance2,647,-2,20,0.9
Object7851,Instance1,147,-25,130,0.77,Instance2,147,-33,130,0.23
Object7852,Instance1,450,-33,50,0.73,Instance2,450,-27,50,0.27
Object7853,Instance1,608,-36,110,0.51,Instance2,608,-17,110,0.49
Object7854,Instance1,86,-35,40,0.32,Instance2,86,-20,40,0.68
Object7855,Instance1,648,-7,40,0.28,Instance2,648,-10,40,0.72
Object7856,Instance1,838,-41,180,0.88,Instance2,838,-8,180,0.12
Object7857,Instance1,404,-27,200,0.72,Instance2,404,-14,200,0.28
Object7858,Instance1,379,-36,100,0.64,Instance2,379,-4,100,0.36
Object7859,Instance1,731,-31,180,0.25,Instance2,731,-34,180,0.75
Object7860,Instance1,563,-8,20,0.03,Instance2,563,-28,20,0.97
Object7861,Instance1,924,-14,110,0.89,Instance2,924,-4,110,0.11
Object7862,Instance1,845,-38,30,0.16,Instance2,845,-5,30,0.84
Object7863,Instance1,755,-36,160,0.8,Instance2,755,-9,160,0.2
Object7864,Instance1,997,-19,180,0.75,Instance2,997,-40,180,0.25
Object7865,Instance1,270,-44,100,0.21,Instance2,270,-4,100,0.79
Object7866,Instance1,955,-32,160,0.18,Instance2,955,-25,160,0.82
Object7867,Instance1,903,-7,50,0.86,Instance2,903,-5,50,0.14
Object7868,Instance1,144,-1,50,0.72,Instance2,144,-50,50,0.28
Object7869,Instance1,790,-12,180,0.45,Instance2,790,-8,180,0.55
Object7870,Instance1,321,-9,60,0.56,Instance2,321,-12,60,0.44
Object7871,Instance1,53,-42,110,0.59,Instance2,53,-21,110,0.41
Object7872,Instance1,536,-23,170,0.26,Instance2,536,-4,170,0.74
Object7873,Instance1,602,-42,10,0.17,Instance2,602,-34,10,0.83
Object7874,Instance1,262,-41,20,0.64,Instance2,262,-32,20,0.36
Object7875,Instance1,867,-40,200,0.12,Instance2,867,-12,200,0.88
Object7876,Instance1,827,-39,20,0.21,Instance2,827,-6,20,0.79
Object7877,Instance1,454,-11,50,0.15,Instance2,454,-24,50,0.85
Object7878,Instance1,106,-20,110,0.77,Instance2,106,-50,110,0.23
Object7879,Instance1,310,-18,200,0.41,Instance2,310,-23,200,0.59
Object7880,Instance1,656,-50,20,0.59,Instance2,656,-27,20,0.41
Object7881,Instance1,292,-17,160,0.72,Instance2,292,-30,160,0.28
Object7882,Instance1,786,-47,160,0.52,Instance2,786,-8,160,0.48
Object7883,Instance1,537,-3,40,0.38,Instance2,537,-30,40,0.62
Object7884,Instance1,847,-8,30,0.46,Instance2,847,-24,30,0.54
Object7885,Instance1,126,-26,70,0.25,Instance2,126,-48,70,0.75
Object7886,Instance1,403,-36,190,0.48,Instance2,403,-19,190,0.52
Object7887,Instance1,538,-23,180,0.39,Instance2,538,-27,180,0.61
Object7888,Instance1,436,-8,20,0.3,Instance2,436,-32,20,0.7
Object7889,Instance1,956,-3,40,0.65,Instance2,956,-15,40,0.35
Object7890,Instance1,267,-25,160,0.08,Instance2,267,-48,160,0.92
Object7891,Instance1,380,-19,90,0.06,Instance2,380,-15,90,0.94
Object7892,Instance1,493,-14,30,0.55,Instance2,493,-6,30,0.45
Object7893,Instance1,87,-20,80,0.01,Instance2,87,-38,80,0.99
Object7894,Instance1,175,-26,10,0.62,Instance2,175,-11,10,0.38
Object7895,Instance1,77,-1,40,0.9,Instance2,77,-5,40,0.1
Object7896,Instance1,488,-10,130,0.89,Instance2,488,-3,130,0.11
Object7897,Instance1,56,-9,110,0.41,Instance2,56,-26,110,0.59
Object7898,Instance1,964,-20,20,0.18,Instance2,964,-21,20,0.82
Object7899,Instance1,342,-12,180,0.67,Instance2,342,-29,180,0.33
Object7900,Instance1,277,-15,80,0.1,Instance2,277,-10,80,0.9
Object7901,Instance1,44,-9,40,0.61,Instance2,44,-17,40,0.39
Object7902,Instance1,695,-30,30,0.1,Instance2,695,-40,30,0.9
Object7903,Instance1,478,-25,180,0.1,Instance2,478,-47,180,0.9
Object7904,Instance1,425,-1,180,0.2,Instance2,425,-41,180,0.8
Object7905,Instance1,785,-41,100,0.39,Instance2,785,-28,100,0.61
Object7906,Instance1,734,-48,60,0.37,Instance2,734,-6,60,0.63
Object7907,Instance1,568,-19,10,0.82,Instance2,568,-43,10,0.18
Object7908,Instance1,998,-23,130,0.28,Instance2,998,-45,130,0.72
Object7909,Instance1,890,-15,60,0.07,Instance2,890,-42,60,0.93
Object7910,Instance1,763,-1,120,0.1,Instance2,763,-15,120,0.9
Object7911,Instance1,933,-8,200,0.43,Instance2,933,-36,200,0.57
Object7912,Instance1,414,-23,90,0.42,Instance2,414,-25,90,0.58
Object7913,Instance1,769,-27,110,0.64,Instance2,769,-30,110,0.36
Object7914,Instance1,542,-50,110,0.47,Instance2,542,-2,110,0.53
Object7915,Instance1,84,-43,50,0.66,Instance2,84,-46,50,0.34
Object7916,Instance1,869,-25,40,0.07,Instance2,869,-45,40,0.93
Object7917,Instance1,700,-40,20,0.18,Instance2,700,-50,20,0.82
Object7918,Instance1,252,-27,130,0.91,Instance2,252,-3,130,0.09
Object7919,Instance1,934,-42,150,0.43,Instance2,934,-44,150,0.57
Object7920,Instance1,254,-32,120,0.59,Instance2,254,-8,120,0.41
Object7921,Instance1,952,-28,50,0.61,Instance2,952,-38,50,0.39
Object7922,Instance1,903,-46,50,0.23,Instance2,903,-3,50,0.77
Object7923,Instance1,881,-30,90,0.39,Instance2,881,-26,90,0.61
Object7924,Instance1,715,-36,50,0.08,Instance2,715,-42,50,0.92
Object7925,Instance1,581,-44,180,0.37,Instance2,581,-10,180,0.63
Object7926,Instance1,764,-18,190,0.19,Instance2,764,-20,190,0.81
Object7927,Instance1,69,-50,50,0.63,Instance2,69,-35,50,0.37
Object7928,Instance1,16,-24,120,0.0,Instance2,16,-27,120,1.0
Object7929,Instance1,949,-17,180,0.02,Instance2,949,-14,180,0.98
Object7930,Instance1,736,-26,20,0.37,Instance2,736,-23,20,0.63
Object7931,Instance1,507,-32,150,0.41,Instance2,507,-15,150,0.59
Object7932,Instance1,930,-26,70,0.51,Instance2,930,-11,70,0.49
Object7933,Instance1,539,-15,170,0.37,Instance2,539,-7,170,0.63
Object7934,Instance1,80,-15,120,0.67,Instance2,80,-26,120,0.33
Object7935,Instance1,355,-30,120,0.78,Instance2,355,-10,120,0.22
Object7936,Instance1,858,-31,200,0.44,Instance2,858,-36,200,0.56
Object7937,Instance1,548,-2,160,0.2,Instance2,548,-3,160,0.8
Object7938,Instance1,235,-28,200,0.69,Instance2,235,-49,200,0.31
Object7939,Instance1,144,-19,90,0.91,Instance2,144,-18,90,0.09
Object7940,Instance1,918,-24,60,0.17,Instance2,918,-44,60,0.83
Object7941,Instance1,762,-50,110,0.55,Instance2,762,-50,110,0.45
Object7942,Instance1,171,-12,200,0.67,Instance2,171,-37,200,0.33
Object7943,Instance1,157,-15,160,0.18,Instance2,157,-4,160,0.82
Object7944,Instance1,697,-5,160,0.65,Instance2,697,-22,160,0.35
Object7945,Instance1,318,-20,70,0.09,Instance2,318,-39,70,0.91
Object7946,Instance1,536,-49,20,0.54,Instance2,536,-41,20,0.46
Object7947,Instance1,994,-27,60,0.36,Instance2,994,-21,60,0.64
Object7948,Instance1,122,-35,120,0.52,Instance2,122,-10,120,0.48
Object7949,Instance1,820,-50,130,0.2,Instance2,820,-27,130,0.8
Object7950,Instance1,942,-49,30,0.97,Instance2,942,-44,30,0.03
Object7951,Instance1,403,-39,60,0.59,Instance2,403,-17,60,0.41
Object7952,Instance1,645,-36,190,0.81,Instance2,645,-27,190,0.19
Object7953,Instance1,542,-14,100,0.14,Instance2,542,-39,100,0.86
Object7954,Instance1,850,-44,60,0.28,Instance2,850,-31,60,0.72
Object7955,Instance1,482,-20,170,0.96,Instance2,482,-17,170,0.04
Object7956,Instance1,707,-12,10,0.44,Instance2,707,-43,10,0.56
Object7957,Instance1,566,-42,100,0.3,Instance2,566,-3,100,0.7
Object7958,Instance1,553,-16,50,0.21,Instance2,553,-6,50,0.79
Object7959,Instance1,154,-29,120,0.48,Instance2,154,-12,120,0.52
Object7960,Instance1,637,-45,30,0.85,Instance2,637,-50,30,0.15
Object7961,Instance1,289,-3,80,0.33,Instance2,289,-14,80,0.67
Object7962,Instance1,730,-40,40,0.15,Instance2,730,-41,40,0.85
Object7963,Instance1,296,-14,180,0.63,Instance2,296,-17,180,0.37
Object7964,Instance1,281,-29,70,0.04,Instance2,281,-35,70,0.96
Object7965,Instance1,490,-9,40,0.58,Instance2,490,-46,40,0.42
Object7966,Instance1,534,-2,190,0.84,Instance2,534,-17,190,0.16
Object7967,Instance1,139,-17,180,0.35,Instance2,139,-5,180,0.65
Object7968,Instance1,534,-38,180,0.71,Instance2,534,-49,180,0.29
Object7969,Instance1,34,-25,110,0.12,Instance2,34,-42,110,0.88
Object7970,Instance1,632,-4,130,0.76,Instance2,632,-47,130,0.24
Object7971,Instance1,425,-12,50,0.05,Instance2,425,-47,50,0.95
Object7972,Instance1,940,-50,140,0.58,Instance2,940,-33,140,0.42
Object7973,Instance1,41,-35,140,0.26,Instance2,41,-7,140,0.74
Object7974,Instance1,518,-37,10,0.39,Instance2,518,-45,10,0.61
Object7975,Instance1,173,-14,70,0.75,Instance2,173,-35,70,0.25
Object7976,Instance1,323,-14,130,0.73,Instance2,323,-17,130,0.27
Object7977,Instance1,642,-5,140,0.81,Instance2,642,-21,140,0.19
Object7978,Instance1,496,-15,200,0.95,Instance2,496,-47,200,0.05
Object7979,Instance1,85,-43,160,0.09,Instance2,85,-12,160,0.91
Object7980,Instance1,190,-40,40,0.07,Instance2,190,-47,40,0.93
Object7981,Instance1,912,-30,100,0.48,Instance2,912,-39,100,0.52
Object7982,Instance1,807,-49,50,0.75,Instance2,807,-34,50,0.25
Object7983,Instance1,112,-36,160,0.47,Instance2,112,-4,160,0.53
Object7984,Instance1,95,-47,190,0.77,Instance2,95,-43,190,0.23
Object7985,Instance1,949,-30,100,0.91,Instance2,949,-2,100,0.09
Object7986,Instance1,221,-21,150,0.62,Instance2,221,-16,150,0.38
Object7987,Instance1,206,-10,150,0.75,Instance2,206,-35,150,0.25
Object7988,Instance1,636,-32,30,0.78,Instance2,636,-33,30,0.22
Object7989,Instance1,786,-6,40,0.34,Instance2,786,-1,40,0.66
Object7990,Instance1,723,-48,150,0.79,Instance2,723,-45,150,0.21
Object7991,Instance1,15,-24,120,0.56,Instance2,15,-14,120,0.44
Object7992,Instance1,374,-11,60,0.85,Instance2,374,-19,60,0.15
Object7993,Instance1,278,-38,100,0.06,Instance2,278,-47,100,0.94
Object7994,Instance1,394,-39,150,0.67,Instance2,394,-22,150,0.33
Object7995,Instance1,592,-26,50,0.0,Instance2,592,-24,50,1.0
Object7996,Instance1,14,-44,100,0.04,Instance2,14,-31,100,0.96
Object7997,Instance1,637,-14,70,0.77,Instance2,637,-8,70,0.23
Object7998,Instance1,709,-16,80,0.69,Instance2,709,-42,80,0.31
Object7999,Instance1,94,-26,100,0.32,Instance2,94,-20,100,0.68
Object8000,Instance1,81,-6,190,0.09,Instance2,81,-36,190,0.91
Object8001,Instance1,371,-50,10,0.25,Instance2,371,-11,10,0.75
Object8002,Instance1,324,-1,170,0.03,Instance2,324,-26,170,0.97
Object8003,Instance1,723,-38,80,0.1,Instance2,723,-35,80,0.9
Object8004,Instance1,988,-11,190,0.98,Instance2,988,-7,190,0.02
Object8005,Instance1,459,-12,120,0.2,Instance2,459,-32,120,0.8
Object8006,Instance1,11,-35,200,0.85,Instance2,11,-39,200,0.15
Object8007,Instance1,489,-48,150,0.47,Instance2,489,-5,150,0.53
Object8008,Instance1,744,-42,180,0.91,Instance2,744,-41,180,0.09
Object8009,Instance1,670,-41,90,0.92,Instance2,670,-6,90,0.08
Object8010,Instance1,189,-47,150,0.38,Instance2,189,-11,150,0.62
Object8011,Instance1,983,-5,30,0.05,Instance2,983,-21,30,0.95
Object8012,Instance1,813,-32,70,0.75,Instance2,813,-37,70,0.25
Object8013,Instance1,552,-43,10,0.98,Instance2,552,-21,10,0.02
Object8014,Instance1,828,-48,80,0.74,Instance2,828,-36,80,0.26
Object8015,Instance1,494,-13,50,0.46,Instance2,494,-32,50,0.54
Object8016,Instance1,654,-23,30,0.86,Instance2,654,-13,30,0.14
Object8017,Instance1,742,-31,130,0.11,Instance2,742,-2,130,0.89
Object8018,Instance1,691,-3,180,0.26,Instance2,691,-45,180,0.74
Object8019,Instance1,21,-48,150,0.07,Instance2,21,-33,150,0.93
Object8020,Instance1,880,-20,190,0.19,Instance2,880,-13,190,0.81
Object8021,Instance1,615,-36,200,0.31,Instance2,615,-19,200,0.69
Object8022,Instance1,415,-16,110,0.02,Instance2,415,-50,110,0.98
Object8023,Instance1,796,-42,180,0.56,Instance2,796,-36,180,0.44
Object8024,Instance1,855,-11,70,0.51,Instance2,855,-24,70,0.49
Object8025,Instance1,453,-12,120,0.69,Instance2,453,-15,120,0.31
Object8026,Instance1,698,-47,160,0.57,Instance2,698,-17,160,0.43
Object8027,Instance1,459,-24,90,0.84,Instance2,459,-32,90,0.16
Object8028,Instance1,815,-45,120,0.34,Instance2,815,-49,120,0.66
Object8029,Instance1,358,-29,40,0.94,Instance2,358,-20,40,0.06
Object8030,Instance1,705,-11,130,0.26,Instance2,705,-43,130,0.74
Object8031,Instance1,141,-8,120,0.1,Instance2,141,-11,120,0.9
Object8032,Instance1,394,-34,120,0.54,Instance2,394,-17,120,0.46
Object8033,Instance1,625,-48,100,0.26,Instance2,625,-3,100,0.74
Object8034,Instance1,345,-2,50,0.36,Instance2,345,-49,50,0.64
Object8035,Instance1,392,-46,150,0.16,Instance2,392,-27,150,0.84
Object8036,Instance1,987,-6,120,0.39,Instance2,987,-10,120,0.61
Object8037,Instance1,549,-26,180,0.96,Instance2,549,-10,180,0.04
Object8038,Instance1,611,-14,120,0.16,Instance2,611,-30,120,0.84
Object8039,Instance1,650,-41,10,0.71,Instance2,650,-9,10,0.29
Object8040,Instance1,337,-16,100,0.48,Instance2,337,-15,100,0.52
Object8041,Instance1,904,-24,90,0.72,Instance2,904,-5,90,0.28
Object8042,Instance1,202,-27,10,0.7,Instance2,202,-11,10,0.3
Object8043,Instance1,434,-10,160,0.39,Instance2,434,-5,160,0.61
Object8044,Instance1,795,-15,140,0.36,Instance2,795,-2,140,0.64
Object8045,Instance1,227,-28,50,0.79,Instance2,227,-8,50,0.21
Object8046,Instance1,408,-21,170,0.59,Instance2,408,-35,170,0.41
Object8047,Instance1,656,-50,90,0.91,Instance2,656,-15,90,0.09
Object8048,Instance1,481,-39,30,0.96,Instance2,481,-4,30,0.04
Object8049,Instance1,59,-1,160,0.92,Instance2,59,-2,160,0.08
Object8050,Instance1,842,-37,110,0.95,Instance2,842,-26,110,0.05
Object8051,Instance1,383,-6,110,0.22,Instance2,383,-37,110,0.78
Object8052,Instance1,185,-24,40,0.03,Instance2,185,-8,40,0.97
Object8053,Instance1,339,-44,60,0.64,Instance2,339,-45,60,0.36
Object8054,Instance1,902,-23,10,0.72,Instance2,902,-9,10,0.28
Object8055,Instance1,993,-36,90,0.96,Instance2,993,-42,90,0.04
Object8056,Instance1,141,-38,120,0.26,Instance2,141,-20,120,0.74
Object8057,Instance1,203,-7,150,0.01,Instance2,203,-35,150,0.99
Object8058,Instance1,794,-30,100,0.65,Instance2,794,-8,100,0.35
Object8059,Instance1,21,-14,180,0.13,Instance2,21,-37,180,0.87
Object8060,Instance1,528,-13,80,0.8,Instance2,528,-27,80,0.2
Object8061,Instance1,694,-6,70,0.14,Instance2,694,-43,70,0.86
Object8062,Instance1,626,-28,140,0.53,Instance2,626,-44,140,0.47
Object8063,Instance1,597,-3,30,0.38,Instance2,597,-5,30,0.62
Object8064,Instance1,998,-35,110,0.06,Instance2,998,-4,110,0.94
Object8065,Instance1,101,-31,50,0.89,Instance2,101,-15,50,0.11
Object8066,Instance1,569,-12,190,0.09,Instance2,569,-49,190,0.91
Object8067,Instance1,365,-9,30,0.63,Instance2,365,-36,30,0.37
Object8068,Instance1,52,-19,110,0.2,Instance2,52,-40,110,0.8
Object8069,Instance1,858,-30,90,0.87,Instance2,858,-23,90,0.13
Object8070,Instance1,963,-50,40,0.66,Instance2,963,-35,40,0.34
Object8071,Instance1,770,-24,140,0.45,Instance2,770,-24,140,0.55
Object8072,Instance1,181,-42,80,0.54,Instance2,181,-40,80,0.46
Object8073,Instance1,458,-26,130,0.75,Instance2,458,-5,130,0.25
Object8074,Instance1,989,-50,30,0.93,Instance2,989,-47,30,0.07
Object8075,Instance1,156,-31,140,0.67,Instance2,156,-7,140,0.33
Object8076,Instance1,101,-33,40,0.66,Instance2,101,-24,40,0.34
Object8077,Instance1,927,-43,10,0.26,Instance2,927,-8,10,0.74
Object8078,Instance1,239,-5,170,0.42,Instance2,239,-50,170,0.58
Object8079,Instance1,921,-25,130,0.57,Instance2,921,-21,130,0.43
Object8080,Instance1,597,-11,160,0.04,Instance2,597,-37,160,0.96
Object8081,Instance1,371,-48,120,0.2,Instance2,371,-8,120,0.8
Object8082,Instance1,126,-6,120,0.05,Instance2,126,-36,120,0.95
Object8083,Instance1,624,-15,70,0.35,Instance2,624,-38,70,0.65
Object8084,Instance1,163,-22,10,0.83,Instance2,163,-39,10,0.17
Object8085,Instance1,359,-32,60,0.39,Instance2,359,-23,60,0.61
Object8086,Instance1,548,-9,170,0.03,Instance2,548,-49,170,0.97
Object8087,Instance1,305,-3,180,0.56,Instance2,305,-6,180,0.44
Object8088,Instance1,665,-2,190,0.23,Instance2,665,-45,190,0.77
Object8089,Instance1,3,-19,120,0.7,Instance2,3,-48,120,0.3
Object8090,Instance1,863,-10,90,0.95,Instance2,863,-41,90,0.05
Object8091,Instance1,989,-14,120,0.3,Instance2,989,-17,120,0.7
Object8092,Instance1,300,-24,170,0.35,Instance2,300,-40,170,0.65
Object8093,Instance1,109,-24,110,0.84,Instance2,109,-6,110,0.16
Object8094,Instance1,337,-48,60,0.14,Instance2,337,-13,60,0.86
Object8095,Instance1,256,-43,100,0.12,Instance2,256,-20,100,0.88
Object8096,Instance1,128,-6,180,0.53,Instance2,128,-24,180,0.47
Object8097,Instance1,372,-5,120,0.81,Instance2,372,-44,120,0.19
Object8098,Instance1,728,-22,60,0.0,Instance2,728,-27,60,1.0
Object8099,Instance1,198,-35,130,0.29,Instance2,198,-32,130,0.71
Object8100,Instance1,673,-37,110,0.68,Instance2,673,-6,110,0.32
Object8101,Instance1,675,-48,100,0.91,Instance2,675,-46,100,0.09
Object8102,Instance1,690,-22,30,0.62,Instance2,690,-30,30,0.38
Object8103,Instance1,485,-30,70,0.71,Instance2,485,-21,70,0.29
Object8104,Instance1,926,-4,30,0.91,Instance2,926,-33,30,0.09
Object8105,Instance1,86,-23,20,0.34,Instance2,86,-27,20,0.66
Object8106,Instance1,262,-26,80,0.65,Instance2,262,-1,80,0.35
Object8107,Instance1,511,-23,80,0.47,Instance2,511,-23,80,0.53
Object8108,Instance1,270,-1,190,0.95,Instance2,270,-27,190,0.05
Object8109,Instance1,573,-27,160,0.67,Instance2,573,-5,160,0.33
Object8110,Instance1,321,-18,60,0.58,Instance2,321,-42,60,0.42
Object8111,Instance1,336,-14,140,0.46,Instance2,336,-35,140,0.54
Object8112,Instance1,328,-40,60,0.24,Instance2,328,-24,60,0.76
Object8113,Instance1,167,-43,30,0.09,Instance2,167,-43,30,0.91
Object8114,Instance1,657,-2,170,0.37,Instance2,657,-16,170,0.63
Object8115,Instance1,577,-41,190,0.07,Instance2,577,-39,190,0.93
Object8116,Instance1,934,-23,140,0.63,Instance2,934,-5,140,0.37
Object8117,Instance1,474,-14,90,0.61,Instance2,474,-37,90,0.39
Object8118,Instance1,978,-31,160,0.13,Instance2,978,-47,160,0.87
Object8119,Instance1,115,-23,140,0.2,Instance2,115,-9,140,0.8
Object8120,Instance1,906,-40,60,0.43,Instance2,906,-34,60,0.57
Object8121,Instance1,780,-13,150,0.48,Instance2,780,-15,150,0.52
Object8122,Instance1,214,-20,140,0.1,Instance2,214,-42,140,0.9
Object8123,Instance1,680,-45,30,0.64,Instance2,680,-44,30,0.36
Object8124,Instance1,631,-21,30,0.07,Instance2,631,-45,30,0.93
Object8125,Instance1,949,-44,150,0.68,Instance2,949,-36,150,0.32
Object8126,Instance1,27,-2,90,0.54,Instance2,27,-20,90,0.46
Object8127,Instance1,148,-27,90,0.24,Instance2,148,-27,90,0.76
Object8128,Instance1,704,-41,140,0.16,Instance2,704,-29,140,0.84
Object8129,Instance1,354,-7,100,0.88,Instance2,354,-14,100,0.12
Object8130,Instance1,533,-6,60,0.97,Instance2,533,-2,60,0.03
Object8131,Instance1,732,-29,150,0.54,Instance2,732,-28,150,0.46
Object8132,Instance1,121,-9,100,0.2,Instance2,121,-17,100,0.8
Object8133,Instance1,991,-37,40,0.23,Instance2,991,-33,40,0.77
Object8134,Instance1,488,-7,200,0.27,Instance2,488,-42,200,0.73
Object8135,Instance1,181,-16,80,0.94,Instance2,181,-19,80,0.06
Object8136,Instance1,551,-40,30,0.26,Instance2,551,-27,30,0.74
Object8137,Instance1,332,-23,160,0.39,Instance2,332,-26,160,0.61
Object8138,Instance1,313,-9,10,0.52,Instance2,313,-37,10,0.48
Object8139,Instance1,996,-2,200,0.42,Instance2,996,-39,200,0.58
Object8140,Instance1,189,-29,90,0.84,Instance2,189,-27,90,0.16
Object8141,Instance1,301,-44,170,0.94,Instance2,301,-26,170,0.06
Object8142,Instance1,359,-21,170,0.5,Instance2,359,-4,170,0.5
Object8143,Instance1,544,-32,100,0.65,Instance2,544,-31,100,0.35
Object8144,Instance1,657,-24,70,0.11,Instance2,657,-17,70,0.89
Object8145,Instance1,348,-30,10,0.36,Instance2,348,-46,10,0.64
Object8146,Instance1,768,-43,130,0.45,Instance2,768,-28,130,0.55
Object8147,Instance1,343,-11,190,0.72,Instance2,343,-31,190,0.28
Object8148,Instance1,983,-32,50,0.38,Instance2,983,-19,50,0.62
Object8149,Instance1,680,-44,170,0.7,Instance2,680,-33,170,0.3
Object8150,Instance1,802,-9,80,0.49,Instance2,802,-48,80,0.51
Object8151,Instance1,563,-46,120,0.75,Instance2,563,-9,120,0.25
Object8152,Instance1,634,-30,200,0.59,Instance2,634,-43,200,0.41
Object8153,Instance1,706,-37,140,0.56,Instance2,706,-3,140,0.44
Object8154,Instance1,631,-47,70,0.14,Instance2,631,-30,70,0.86
Object8155,Instance1,224,-37,90,0.46,Instance2,224,-4,90,0.54
Object8156,Instance1,117,-28,20,0.11,Instance2,117,-24,20,0.89
Object8157,Instance1,279,-3,90,0.4,Instance2,279,-15,90,0.6
Object8158,Instance1,597,-25,140,0.74,Instance2,597,-8,140,0.26
Object8159,Instance1,770,-1,40,0.03,Instance2,770,-35,40,0.97
Object8160,Instance1,467,-21,50,0.55,Instance2,467,-1,50,0.45
Object8161,Instance1,760,-49,50,0.01,Instance2,760,-5,50,0.99
Object8162,Instance1,442,-4,70,0.2,Instance2,442,-2,70,0.8
Object8163,Instance1,604,-8,140,0.91,Instance2,604,-9,140,0.09
Object8164,Instance1,973,-7,40,0.12,Instance2,973,-37,40,0.88
Object8165,Instance1,738,-14,130,0.47,Instance2,738,-25,130,0.53
Object8166,Instance1,618,-35,20,0.87,Instance2,618,-42,20,0.13
Object8167,Instance1,111,-36,90,0.09,Instance2,111,-48,90,0.91
Object8168,Instance1,736,-30,200,0.31,Instance2,736,-50,200,0.69
Object8169,Instance1,472,-43,100,0.13,Instance2,472,-11,100,0.87
Object8170,Instance1,806,-8,150,0.87,Instance2,806,-41,150,0.13
Object8171,Instance1,225,-27,170,0.82,Instance2,225,-49,170,0.18
Object8172,Instance1,296,-28,10,0.6,Instance2,296,-40,10,0.4
Object8173,Instance1,407,-10,40,0.16,Instance2,407,-33,40,0.84
Object8174,Instance1,53,-15,120,0.39,Instance2,53,-31,120,0.61
Object8175,Instance1,474,-30,170,0.63,Instance2,474,-5,170,0.37
Object8176,Instance1,645,-40,150,0.02,Instance2,645,-46,150,0.98
Object8177,Instance1,509,-33,120,0.04,Instance2,509,-32,120,0.96
Object8178,Instance1,67,-32,170,0.4,Instance2,67,-21,170,0.6
Object8179,Instance1,469,-10,20,0.34,Instance2,469,-30,20,0.66
Object8180,Instance1,421,-34,20,0.32,Instance2,421,-8,20,0.68
Object8181,Instance1,801,-41,10,0.84,Instance2,801,-6,10,0.16
Object8182,Instance1,915,-35,140,0.49,Instance2,915,-47,140,0.51
Object8183,Instance1,15,-27,110,0.82,Instance2,15,-50,110,0.18
Object8184,Instance1,298,-38,130,0.98,Instance2,298,-10,130,0.02
Object8185,Instance1,124,-12,190,0.69,Instance2,124,-48,190,0.31
Object8186,Instance1,525,-7,180,0.2,Instance2,525,-17,180,0.8
Object8187,Instance1,414,-37,80,0.29,Instance2,414,-28,80,0.71
Object8188,Instance1,453,-14,110,0.22,Instance2,453,-6,110,0.78
Object8189,Instance1,124,-21,180,0.02,Instance2,124,-21,180,0.98
Object8190,Instance1,179,-35,60,0.51,Instance2,179,-10,60,0.49
Object8191,Instance1,138,-22,180,0.77,Instance2,138,-43,180,0.23
Object8192,Instance1,757,-38,190,0.78,Instance2,757,-44,190,0.22
Object8193,Instance1,542,-49,100,0.93,Instance2,542,-17,100,0.07
Object8194,Instance1,851,-9,110,0.32,Instance2,851,-25,110,0.68
Object8195,Instance1,854,-46,70,0.68,Instance2,854,-3,70,0.32
Object8196,Instance1,660,-8,200,0.54,Instance2,660,-50,200,0.46
Object8197,Instance1,561,-14,130,0.71,Instance2,561,-39,130,0.29
Object8198,Instance1,297,-43,170,0.84,Instance2,297,-35,170,0.16
Object8199,Instance1,919,-21,90,0.2,Instance2,919,-39,90,0.8
Object8200,Instance1,566,-30,20,0.27,Instance2,566,-5,20,0.73
Object8201,Instance1,646,-11,10,0.92,Instance2,646,-29,10,0.08
Object8202,Instance1,625,-7,110,0.4,Instance2,625,-40,110,0.6
Object8203,Instance1,96,-38,50,0.27,Instance2,96,-43,50,0.73
Object8204,Instance1,294,-37,40,0.17,Instance2,294,-44,40,0.83
Object8205,Instance1,389,-19,80,0.9,Instance2,389,-1,80,0.1
Object8206,Instance1,139,-36,150,0.14,Instance2,139,-45,150,0.86
Object8207,Instance1,950,-26,120,0.34,Instance2,950,-2,120,0.66
Object8208,Instance1,931,-36,60,0.03,Instance2,931,-5,60,0.97
Object8209,Instance1,854,-21,160,0.87,Instance2,854,-15,160,0.13
Object8210,Instance1,301,-46,90,0.67,Instance2,301,-13,90,0.33
Object8211,Instance1,192,-6,10,0.85,Instance2,192,-38,10,0.15
Object8212,Instance1,714,-7,70,0.49,Instance2,714,-50,70,0.51
Object8213,Instance1,320,-6,80,0.55,Instance2,320,-28,80,0.45
Object8214,Instance1,486,-4,150,0.93,Instance2,486,-15,150,0.07
Object8215,Instance1,666,-14,150,0.45,Instance2,666,-31,150,0.55
Object8216,Instance1,957,-20,200,0.89,Instance2,957,-39,200,0.11
Object8217,Instance1,71,-20,140,0.96,Instance2,71,-7,140,0.04
Object8218,Instance1,423,-27,100,0.03,Instance2,423,-14,100,0.97
Object8219,Instance1,555,-29,60,0.9,Instance2,555,-3,60,0.1
Object8220,Instance1,882,-10,140,0.99,Instance2,882,-3,140,0.01
Object8221,Instance1,361,-34,180,0.53,Instance2,361,-19,180,0.47
Object8222,Instance1,609,-10,200,0.62,Instance2,609,-39,200,0.38
Object8223,Instance1,849,-34,50,0.05,Instance2,849,-36,50,0.95
Object8224,Instance1,101,-11,20,0.81,Instance2,101,-49,20,0.19
Object8225,Instance1,983,-27,50,0.85,Instance2,983,-9,50,0.15
Object8226,Instance1,200,-32,70,0.58,Instance2,200,-48,70,0.42
Object8227,Instance1,484,-4,70,0.42,Instance2,484,-39,70,0.58
Object8228,Instance1,659,-34,190,0.93,Instance2,659,-10,190,0.07
Object8229,Instance1,539,-15,30,0.83,Instance2,539,-17,30,0.17
Object8230,Instance1,423,-23,60,0.15,Instance2,423,-2,60,0.85
Object8231,Instance1,78,-7,160,0.39,Instance2,78,-25,160,0.61
Object8232,Instance1,76,-35,110,0.71,Instance2,76,-13,110,0.29
Object8233,Instance1,687,-18,90,0.73,Instance2,687,-46,90,0.27
Object8234,Instance1,687,-35,60,0.83,Instance2,687,-28,60,0.17
Object8235,Instance1,23,-14,30,0.01,Instance2,23,-31,30,0.99
Object8236,Instance1,576,-40,90,0.97,Instance2,576,-48,90,0.03
Object8237,Instance1,143,-39,30,0.21,Instance2,143,-1,30,0.79
Object8238,Instance1,664,-35,20,0.2,Instance2,664,-10,20,0.8
Object8239,Instance1,821,-37,90,0.25,Instance2,821,-17,90,0.75
Object8240,Instance1,796,-11,10,0.66,Instance2,796,-11,10,0.34
Object8241,Instance1,856,-47,170,0.88,Instance2,856,-43,170,0.12
Object8242,Instance1,42,-50,190,0.59,Instance2,42,-32,190,0.41
Object8243,Instance1,188,-3,80,0.85,Instance2,188,-7,80,0.15
Object8244,Instance1,97,-15,50,0.26,Instance2,97,-6,50,0.74
Object8245,Instance1,755,-43,110,0.1,Instance2,755,-33,110,0.9
Object8246,Instance1,40,-48,30,0.25,Instance2,40,-40,30,0.75
Object8247,Instance1,568,-27,100,0.29,Instance2,568,-14,100,0.71
Object8248,Instance1,366,-19,170,0.08,Instance2,366,-17,170,0.92
Object8249,Instance1,912,-27,10,0.36,Instance2,912,-48,10,0.64
Object8250,Instance1,399,-48,120,0.2,Instance2,399,-46,120,0.8
Object8251,Instance1,730,-40,120,0.79,Instance2,730,-22,120,0.21
Object8252,Instance1,221,-37,170,0.5,Instance2,221,-29,170,0.5
Object8253,Instance1,742,-45,190,0.4,Instance2,742,-36,190,0.6
Object8254,Instance1,668,-4,200,0.2,Instance2,668,-14,200,0.8
Object8255,Instance1,32,-38,110,0.7,Instance2,32,-43,110,0.3
Object8256,Instance1,766,-6,160,0.63,Instance2,766,-6,160,0.37
Object8257,Instance1,42,-46,200,0.34,Instance2,42,-45,200,0.66
Object8258,Instance1,285,-1,40,0.31,Instance2,285,-43,40,0.69
Object8259,Instance1,169,-33,200,0.83,Instance2,169,-45,200,0.17
Object8260,Instance1,564,-37,140,0.27,Instance2,564,-30,140,0.73
Object8261,Instance1,67,-26,30,0.99,Instance2,67,-2,30,0.01
Object8262,Instance1,703,-20,160,0.43,Instance2,703,-12,160,0.57
Object8263,Instance1,646,-35,160,0.04,Instance2,646,-40,160,0.96
Object8264,Instance1,618,-44,150,0.49,Instance2,618,-45,150,0.51
Object8265,Instance1,901,-45,120,0.93,Instance2,901,-50,120,0.07
Object8266,Instance1,406,-4,100,0.39,Instance2,406,-28,100,0.61
Object8267,Instance1,948,-46,190,0.65,Instance2,948,-46,190,0.35
Object8268,Instance1,528,-10,170,0.2,Instance2,528,-19,170,0.8
Object8269,Instance1,12,-30,80,0.68,Instance2,12,-38,80,0.32
Object8270,Instance1,219,-50,50,0.75,Instance2,219,-48,50,0.25
Object8271,Instance1,879,-20,50,0.41,Instance2,879,-3,50,0.59
Object8272,Instance1,823,-9,50,0.15,Instance2,823,-29,50,0.85
Object8273,Instance1,542,-49,40,0.54,Instance2,542,-29,40,0.46
Object8274,Instance1,295,-3,30,0.97,Instance2,295,-40,30,0.03
Object8275,Instance1,742,-8,90,0.57,Instance2,742,-14,90,0.43
Object8276,Instance1,408,-11,30,0.23,Instance2,408,-3,30,0.77
Object8277,Instance1,14,-7,130,0.92,Instance2,14,-43,130,0.08
Object8278,Instance1,819,-9,30,0.58,Instance2,819,-43,30,0.42
Object8279,Instance1,831,-13,110,0.52,Instance2,831,-45,110,0.48
Object8280,Instance1,270,-15,80,0.15,Instance2,270,-18,80,0.85
Object8281,Instance1,582,-39,150,0.36,Instance2,582,-30,150,0.64
Object8282,Instance1,348,-47,150,0.14,Instance2,348,-9,150,0.86
Object8283,Instance1,904,-21,20,0.56,Instance2,904,-12,20,0.44
Object8284,Instance1,448,-10,40,0.83,Instance2,448,-48,40,0.17
Object8285,Instance1,860,-49,150,0.77,Instance2,860,-33,150,0.23
Object8286,Instance1,212,-2,50,0.37,Instance2,212,-30,50,0.63
Object8287,Instance1,807,-22,110,0.04,Instance2,807,-43,110,0.96
Object8288,Instance1,43,-50,150,0.77,Instance2,43,-6,150,0.23
Object8289,Instance1,350,-31,140,0.25,Instance2,350,-26,140,0.75
Object8290,Instance1,646,-31,30,0.16,Instance2,646,-16,30,0.84
Object8291,Instance1,325,-37,190,0.5,Instance2,325,-10,190,0.5
Object8292,Instance1,991,-2,110,0.86,Instance2,991,-17,110,0.14
Object8293,Instance1,266,-15,190,0.13,Instance2,266,-6,190,0.87
Object8294,Instance1,937,-33,190,0.66,Instance2,937,-27,190,0.34
Object8295,Instance1,112,-14,60,0.94,Instance2,112,-44,60,0.06
Object8296,Instance1,879,-25,30,0.49,Instance2,879,-5,30,0.51
Object8297,Instance1,561,-27,10,0.27,Instance2,561,-12,10,0.73
Object8298,Instance1,874,-22,120,0.13,Instance2,874,-10,120,0.87
Object8299,Instance1,325,-21,110,0.03,Instance2,325,-44,110,0.97
Object8300,Instance1,963,-44,40,0.39,Instance2,963,-18,40,0.61
Object8301,Instance1,400,-41,50,0.11,Instance2,400,-36,50,0.89
Object8302,Instance1,906,-3,50,0.12,Instance2,906,-18,50,0.88
Object8303,Instance1,314,-18,120,0.21,Instance2,314,-21,120,0.79
Object8304,Instance1,820,-42,50,0.88,Instance2,820,-20,50,0.12
Object8305,Instance1,358,-29,190,0.66,Instance2,358,-50,190,0.34
Object8306,Instance1,822,-24,70,0.11,Instance2,822,-32,70,0.89
Object8307,Instance1,387,-37,170,0.88,Instance2,387,-20,170,0.12
Object8308,Instance1,201,-7,90,0.75,Instance2,201,-20,90,0.25
Object8309,Instance1,301,-33,110,0.85,Instance2,301,-10,110,0.15
Object8310,Instance1,705,-7,110,0.05,Instance2,705,-4,110,0.95
Object8311,Instance1,391,-39,60,0.32,Instance2,391,-16,60,0.68
Object8312,Instance1,59,-36,170,0.18,Instance2,59,-13,170,0.82
Object8313,Instance1,1,-20,20,0.69,Instance2,1,-46,20,0.31
Object8314,Instance1,13,-34,130,0.95,Instance2,13,-36,130,0.05
Object8315,Instance1,56,-10,50,0.94,Instance2,56,-29,50,0.06
Object8316,Instance1,845,-15,200,0.69,Instance2,845,-2,200,0.31
Object8317,Instance1,620,-30,80,0.6,Instance2,620,-13,80,0.4
Object8318,Instance1,347,-32,20,0.94,Instance2,347,-46,20,0.06
Object8319,Instance1,474,-30,140,0.06,Instance2,474,-26,140,0.94
Object8320,Instance1,310,-8,60,0.72,Instance2,310,-47,60,0.28
Object8321,Instance1,555,-25,110,0.35,Instance2,555,-14,110,0.65
Object8322,Instance1,914,-8,60,0.85,Instance2,914,-42,60,0.15
Object8323,Instance1,804,-30,200,0.34,Instance2,804,-42,200,0.66
Object8324,Instance1,419,-21,110,0.76,Instance2,419,-13,110,0.24
Object8325,Instance1,152,-1,20,0.46,Instance2,152,-50,20,0.54
Object8326,Instance1,773,-5,90,0.02,Instance2,773,-36,90,0.98
Object8327,Instance1,863,-41,70,0.54,Instance2,863,-32,70,0.46
Object8328,Instance1,473,-15,200,0.95,Instance2,473,-12,200,0.05
Object8329,Instance1,960,-46,160,0.86,Instance2,960,-17,160,0.14
Object8330,Instance1,568,-24,170,0.12,Instance2,568,-41,170,0.88
Object8331,Instance1,584,-10,70,0.42,Instance2,584,-39,70,0.58
Object8332,Instance1,951,-37,170,0.37,Instance2,951,-8,170,0.63
Object8333,Instance1,925,-28,90,0.42,Instance2,925,-50,90,0.58
Object8334,Instance1,219,-6,110,0.15,Instance2,219,-41,110,0.85
Object8335,Instance1,501,-24,130,0.14,Instance2,501,-24,130,0.86
Object8336,Instance1,121,-33,30,0.92,Instance2,121,-39,30,0.08
Object8337,Instance1,342,-8,180,0.77,Instance2,342,-3,180,0.23
Object8338,Instance1,33,-44,90,0.36,Instance2,33,-2,90,0.64
Object8339,Instance1,719,-46,160,0.35,Instance2,719,-36,160,0.65
Object8340,Instance1,632,-42,40,0.82,Instance2,632,-18,40,0.18
Object8341,Instance1,605,-24,80,0.51,Instance2,605,-31,80,0.49
Object8342,Instance1,651,-18,40,0.14,Instance2,651,-21,40,0.86
Object8343,Instance1,608,-6,60,0.2,Instance2,608,-23,60,0.8
Object8344,Instance1,511,-47,90,0.27,Instance2,511,-36,90,0.73
Object8345,Instance1,773,-3,130,0.59,Instance2,773,-14,130,0.41
Object8346,Instance1,714,-8,140,0.43,Instance2,714,-35,140,0.57
Object8347,Instance1,814,-8,30,0.47,Instance2,814,-13,30,0.53
Object8348,Instance1,204,-25,140,0.35,Instance2,204,-36,140,0.65
Object8349,Instance1,709,-1,130,0.54,Instance2,709,-37,130,0.46
Object8350,Instance1,145,-29,150,0.81,Instance2,145,-42,150,0.19
Object8351,Instance1,276,-2,180,0.07,Instance2,276,-5,180,0.93
Object8352,Instance1,578,-24,60,0.42,Instance2,578,-35,60,0.58
Object8353,Instance1,817,-45,120,0.88,Instance2,817,-36,120,0.12
Object8354,Instance1,932,-20,200,0.26,Instance2,932,-7,200,0.74
Object8355,Instance1,910,-14,120,1.0,Instance2,910,-36,120,0.0
Object8356,Instance1,343,-7,80,0.4,Instance2,343,-8,80,0.6
Object8357,Instance1,648,-44,90,0.97,Instance2,648,-13,90,0.03
Object8358,Instance1,99,-19,110,0.82,Instance2,99,-35,110,0.18
Object8359,Instance1,872,-22,110,0.99,Instance2,872,-32,110,0.01
Object8360,Instance1,122,-9,100,0.5,Instance2,122,-50,100,0.5
Object8361,Instance1,776,-50,20,0.87,Instance2,776,-12,20,0.13
Object8362,Instance1,852,-44,40,0.91,Instance2,852,-47,40,0.09
Object8363,Instance1,109,-6,70,0.08,Instance2,109,-9,70,0.92
Object8364,Instance1,141,-38,100,0.41,Instance2,141,-28,100,0.59
Object8365,Instance1,234,-38,140,0.55,Instance2,234,-39,140,0.45
Object8366,Instance1,73,-14,100,0.7,Instance2,73,-31,100,0.3
Object8367,Instance1,126,-3,90,0.47,Instance2,126,-46,90,0.53
Object8368,Instance1,944,-38,10,0.82,Instance2,944,-43,10,0.18
Object8369,Instance1,992,-1,110,0.23,Instance2,992,-22,110,0.77
Object8370,Instance1,839,-29,30,0.05,Instance2,839,-4,30,0.95
Object8371,Instance1,910,-48,190,0.19,Instance2,910,-45,190,0.81
Object8372,Instance1,479,-31,130,0.59,Instance2,479,-1,130,0.41
Object8373,Instance1,368,-29,200,0.38,Instance2,368,-47,200,0.62
Object8374,Instance1,976,-1,50,0.77,Instance2,976,-38,50,0.23
Object8375,Instance1,627,-22,60,0.02,Instance2,627,-27,60,0.98
Object8376,Instance1,110,-45,20,0.73,Instance2,110,-39,20,0.27
Object8377,Instance1,579,-9,20,0.15,Instance2,579,-2,20,0.85
Object8378,Instance1,947,-25,40,0.86,Instance2,947,-6,40,0.14
Object8379,Instance1,27,-29,110,0.49,Instance2,27,-50,110,0.51
Object8380,Instance1,982,-40,120,0.33,Instance2,982,-32,120,0.67
Object8381,Instance1,833,-29,20,0.11,Instance2,833,-3,20,0.89
Object8382,Instance1,333,-38,200,0.12,Instance2,333,-24,200,0.88
Object8383,Instance1,84,-43,90,0.06,Instance2,84,-12,90,0.94
Object8384,Instance1,117,-4,90,0.47,Instance2,117,-37,90,0.53
Object8385,Instance1,321,-47,20,0.94,Instance2,321,-34,20,0.06
Object8386,Instance1,679,-41,30,0.95,Instance2,679,-20,30,0.05
Object8387,Instance1,844,-12,130,0.37,Instance2,844,-25,130,0.63
Object8388,Instance1,87,-12,140,0.39,Instance2,87,-39,140,0.61
Object8389,Instance1,374,-33,20,0.55,Instance2,374,-27,20,0.45
Object8390,Instance1,546,-7,60,0.15,Instance2,546,-48,60,0.85
Object8391,Instance1,549,-36,70,0.97,Instance2,549,-34,70,0.03
Object8392,Instance1,347,-43,180,0.78,Instance2,347,-32,180,0.22
Object8393,Instance1,269,-20,130,0.91,Instance2,269,-46,130,0.09
Object8394,Instance1,561,-39,60,0.45,Instance2,561,-48,60,0.55
Object8395,Instance1,799,-9,170,0.33,Instance2,799,-19,170,0.67
Object8396,Instance1,234,-43,20,0.78,Instance2,234,-12,20,0.22
Object8397,Instance1,297,-31,180,0.33,Instance2,297,-21,180,0.67
Object8398,Instance1,9,-6,160,0.63,Instance2,9,-4,160,0.37
Object8399,Instance1,545,-14,140,0.24,Instance2,545,-6,140,0.76
Object8400,Instance1,251,-5,90,0.72,Instance2,251,-36,90,0.28
Object8401,Instance1,806,-40,50,0.17,Instance2,806,-15,50,0.83
Object8402,Instance1,395,-32,70,0.9,Instance2,395,-8,70,0.1
Object8403,Instance1,346,-30,190,0.88,Instance2,346,-24,190,0.12
Object8404,Instance1,314,-6,180,0.05,Instance2,314,-11,180,0.95
Object8405,Instance1,411,-6,100,0.81,Instance2,411,-5,100,0.19
Object8406,Instance1,355,-21,180,0.72,Instance2,355,-17,180,0.28
Object8407,Instance1,484,-24,160,0.67,Instance2,484,-14,160,0.33
Object8408,Instance1,946,-8,140,0.86,Instance2,946,-27,140,0.14
Object8409,Instance1,11,-30,110,0.03,Instance2,11,-14,110,0.97
Object8410,Instance1,146,-29,40,0.43,Instance2,146,-43,40,0.57
Object8411,Instance1,125,-42,90,0.29,Instance2,125,-12,90,0.71
Object8412,Instance1,450,-29,20,0.32,Instance2,450,-9,20,0.68
Object8413,Instance1,409,-34,60,0.98,Instance2,409,-28,60,0.02
Object8414,Instance1,638,-26,190,0.99,Instance2,638,-29,190,0.01
Object8415,Instance1,540,-9,180,0.64,Instance2,540,-47,180,0.36
Object8416,Instance1,994,-40,150,0.51,Instance2,994,-29,150,0.49
Object8417,Instance1,400,-27,160,0.18,Instance2,400,-15,160,0.82
Object8418,Instance1,8,-40,140,0.71,Instance2,8,-16,140,0.29
Object8419,Instance1,443,-50,100,0.58,Instance2,443,-49,100,0.42
Object8420,Instance1,65,-1,90,0.51,Instance2,65,-50,90,0.49
Object8421,Instance1,548,-35,200,0.05,Instance2,548,-8,200,0.95
Object8422,Instance1,698,-46,100,0.01,Instance2,698,-18,100,0.99
Object8423,Instance1,427,-19,30,0.83,Instance2,427,-39,30,0.17
Object8424,Instance1,49,-34,10,0.31,Instance2,49,-39,10,0.69
Object8425,Instance1,573,-28,40,0.07,Instance2,573,-34,40,0.93
Object8426,Instance1,912,-43,110,0.89,Instance2,912,-44,110,0.11
Object8427,Instance1,535,-40,30,0.23,Instance2,535,-25,30,0.77
Object8428,Instance1,25,-27,90,0.37,Instance2,25,-8,90,0.63
Object8429,Instance1,729,-18,10,0.61,Instance2,729,-33,10,0.39
Object8430,Instance1,88,-1,60,0.5,Instance2,88,-35,60,0.5
Object8431,Instance1,831,-30,130,0.52,Instance2,831,-21,130,0.48
Object8432,Instance1,936,-27,190,0.37,Instance2,936,-49,190,0.63
Object8433,Instance1,104,-42,100,0.33,Instance2,104,-4,100,0.67
Object8434,Instance1,264,-17,60,0.33,Instance2,264,-22,60,0.67
Object8435,Instance1,156,-46,60,0.18,Instance2,156,-48,60,0.82
Object8436,Instance1,368,-33,50,0.63,Instance2,368,-16,50,0.37
Object8437,Instance1,346,-6,30,0.47,Instance2,346,-37,30,0.53
Object8438,Instance1,521,-10,10,0.07,Instance2,521,-34,10,0.93
Object8439,Instance1,201,-4,50,0.75,Instance2,201,-32,50,0.25
Object8440,Instance1,334,-17,200,0.59,Instance2,334,-4,200,0.41
Object8441,Instance1,416,-2,110,0.18,Instance2,416,-1,110,0.82
Object8442,Instance1,324,-17,80,0.72,Instance2,324,-36,80,0.28
Object8443,Instance1,147,-50,160,0.25,Instance2,147,-49,160,0.75
Object8444,Instance1,684,-17,150,0.54,Instance2,684,-18,150,0.46
Object8445,Instance1,127,-30,10,0.53,Instance2,127,-12,10,0.47
Object8446,Instance1,309,-7,110,0.28,Instance2,309,-36,110,0.72
Object8447,Instance1,760,-46,150,0.48,Instance2,760,-26,150,0.52
Object8448,Instance1,748,-43,100,0.18,Instance2,748,-21,100,0.82
Object8449,Instance1,462,-45,160,0.34,Instance2,462,-7,160,0.66
Object8450,Instance1,516,-6,30,0.07,Instance2,516,-49,30,0.93
Object8451,Instance1,367,-31,140,0.46,Instance2,367,-20,140,0.54
Object8452,Instance1,772,-2,190,0.76,Instance2,772,-13,190,0.24
Object8453,Instance1,112,-46,90,0.74,Instance2,112,-28,90,0.26
Object8454,Instance1,254,-12,60,0.72,Instance2,254,-25,60,0.28
Object8455,Instance1,356,-40,30,0.29,Instance2,356,-2,30,0.71
Object8456,Instance1,157,-32,120,0.33,Instance2,157,-31,120,0.67
Object8457,Instance1,836,-8,120,0.97,Instance2,836,-7,120,0.03
Object8458,Instance1,88,-48,60,0.78,Instance2,88,-1,60,0.22
Object8459,Instance1,801,-2,180,0.95,Instance2,801,-9,180,0.05
Object8460,Instance1,279,-27,120,0.75,Instance2,279,-27,120,0.25
Object8461,Instance1,548,-9,50,0.43,Instance2,548,-6,50,0.57
Object8462,Instance1,673,-43,140,0.54,Instance2,673,-2,140,0.46
Object8463,Instance1,30,-37,170,0.55,Instance2,30,-13,170,0.45
Object8464,Instance1,271,-9,110,0.8,Instance2,271,-50,110,0.2
Object8465,Instance1,23,-36,180,0.38,Instance2,23,-46,180,0.62
Object8466,Instance1,313,-11,120,0.17,Instance2,313,-4,120,0.83
Object8467,Instance1,103,-5,80,0.72,Instance2,103,-28,80,0.28
Object8468,Instance1,267,-2,70,0.46,Instance2,267,-44,70,0.54
Object8469,Instance1,952,-45,100,0.71,Instance2,952,-4,100,0.29
Object8470,Instance1,688,-44,10,0.29,Instance2,688,-1,10,0.71
Object8471,Instance1,796,-34,120,0.45,Instance2,796,-20,120,0.55
Object8472,Instance1,944,-32,30,0.79,Instance2,944,-2,30,0.21
Object8473,Instance1,982,-24,20,0.72,Instance2,982,-27,20,0.28
Object8474,Instance1,9,-20,30,0.47,Instance2,9,-20,30,0.53
Object8475,Instance1,829,-8,110,0.35,Instance2,829,-9,110,0.65
Object8476,Instance1,841,-21,170,0.95,Instance2,841,-33,170,0.05
Object8477,Instance1,838,-40,80,0.98,Instance2,838,-5,80,0.02
Object8478,Instance1,896,-20,100,0.68,Instance2,896,-25,100,0.32
Object8479,Instance1,282,-16,110,0.23,Instance2,282,-31,110,0.77
Object8480,Instance1,557,-44,200,0.38,Instance2,557,-24,200,0.62
Object8481,Instance1,234,-9,140,0.76,Instance2,234,-2,140,0.24
Object8482,Instance1,252,-46,80,0.5,Instance2,252,-45,80,0.5
Object8483,Instance1,75,-35,80,0.45,Instance2,75,-24,80,0.55
Object8484,Instance1,532,-48,90,0.92,Instance2,532,-7,90,0.08
Object8485,Instance1,523,-44,190,0.26,Instance2,523,-14,190,0.74
Object8486,Instance1,190,-48,90,0.81,Instance2,190,-42,90,0.19
Object8487,Instance1,965,-35,150,0.27,Instance2,965,-4,150,0.73
Object8488,Instance1,265,-11,110,0.69,Instance2,265,-27,110,0.31
Object8489,Instance1,767,-22,130,0.02,Instance2,767,-6,130,0.98
Object8490,Instance1,596,-46,50,0.37,Instance2,596,-18,50,0.63
Object8491,Instance1,854,-28,150,0.68,Instance2,854,-16,150,0.32
Object8492,Instance1,620,-39,180,0.97,Instance2,620,-26,180,0.03
Object8493,Instance1,968,-4,50,0.37,Instance2,968,-8,50,0.63
Object8494,Instance1,148,-20,70,0.54,Instance2,148,-20,70,0.46
Object8495,Instance1,76,-5,150,0.93,Instance2,76,-25,150,0.07
Object8496,Instance1,574,-9,20,0.65,Instance2,574,-1,20,0.35
Object8497,Instance1,23,-29,140,0.32,Instance2,23,-50,140,0.68
Object8498,Instance1,606,-13,80,0.26,Instance2,606,-16,80,0.74
Object8499,Instance1,796,-37,160,0.33,Instance2,796,-14,160,0.67
Object8500,Instance1,387,-4,120,0.46,Instance2,387,-4,120,0.54
Object8501,Instance1,730,-19,110,0.29,Instance2,730,-18,110,0.71
Object8502,Instance1,445,-22,150,0.23,Instance2,445,-47,150,0.77
Object8503,Instance1,881,-40,160,0.78,Instance2,881,-5,160,0.22
Object8504,Instance1,86,-8,130,0.01,Instance2,86,-7,130,0.99
Object8505,Instance1,548,-1,20,0.08,Instance2,548,-36,20,0.92
Object8506,Instance1,968,-21,190,0.04,Instance2,968,-32,190,0.96
Object8507,Instance1,614,-7,180,0.43,Instance2,614,-35,180,0.57
Object8508,Instance1,608,-43,80,0.06,Instance2,608,-46,80,0.94
Object8509,Instance1,330,-42,60,0.21,Instance2,330,-27,60,0.79
Object8510,Instance1,437,-24,120,0.32,Instance2,437,-8,120,0.68
Object8511,Instance1,702,-21,30,0.95,Instance2,702,-45,30,0.05
Object8512,Instance1,331,-37,30,0.18,Instance2,331,-47,30,0.82
Object8513,Instance1,881,-30,190,0.87,Instance2,881,-28,190,0.13
Object8514,Instance1,306,-36,150,0.4,Instance2,306,-25,150,0.6
Object8515,Instance1,134,-34,190,0.62,Instance2,134,-35,190,0.38
Object8516,Instance1,987,-41,110,0.89,Instance2,987,-41,110,0.11
Object8517,Instance1,840,-3,170,0.33,Instance2,840,-13,170,0.67
Object8518,Instance1,352,-33,130,0.27,Instance2,352,-20,130,0.73
Object8519,Instance1,260,-19,80,0.59,Instance2,260,-26,80,0.41
Object8520,Instance1,462,-12,100,0.12,Instance2,462,-48,100,0.88
Object8521,Instance1,819,-3,10,0.42,Instance2,819,-22,10,0.58
Object8522,Instance1,523,-4,50,0.6,Instance2,523,-21,50,0.4
Object8523,Instance1,193,-25,170,0.3,Instance2,193,-29,170,0.7
Object8524,Instance1,189,-40,180,0.36,Instance2,189,-5,180,0.64
Object8525,Instance1,878,-24,110,0.91,Instance2,878,-46,110,0.09
Object8526,Instance1,301,-26,130,0.1,Instance2,301,-47,130,0.9
Object8527,Instance1,238,-23,30,0.3,Instance2,238,-20,30,0.7
Object8528,Instance1,129,-35,130,0.06,Instance2,129,-17,130,0.94
Object8529,Instance1,859,-41,90,0.67,Instance2,859,-10,90,0.33
Object8530,Instance1,686,-36,200,0.93,Instance2,686,-18,200,0.07
Object8531,Instance1,597,-17,50,0.84,Instance2,597,-26,50,0.16
Object8532,Instance1,304,-37,70,0.6,Instance2,304,-23,70,0.4
Object8533,Instance1,564,-42,120,0.4,Instance2,564,-10,120,0.6
Object8534,Instance1,187,-28,30,0.22,Instance2,187,-42,30,0.78
Object8535,Instance1,652,-50,160,0.23,Instance2,652,-26,160,0.77
Object8536,Instance1,234,-29,80,0.38,Instance2,234,-50,80,0.62
Object8537,Instance1,674,-36,90,0.1,Instance2,674,-36,90,0.9
Object8538,Instance1,931,-24,40,0.05,Instance2,931,-41,40,0.95
Object8539,Instance1,511,-4,40,0.63,Instance2,511,-29,40,0.37
Object8540,Instance1,376,-14,40,0.17,Instance2,376,-17,40,0.83
Object8541,Instance1,762,-25,130,0.55,Instance2,762,-43,130,0.45
Object8542,Instance1,279,-40,150,0.25,Instance2,279,-11,150,0.75
Object8543,Instance1,243,-40,40,0.33,Instance2,243,-44,40,0.67
Object8544,Instance1,729,-30,100,0.25,Instance2,729,-37,100,0.75
Object8545,Instance1,410,-18,180,0.05,Instance2,410,-18,180,0.95
Object8546,Instance1,687,-31,40,0.92,Instance2,687,-34,40,0.08
Object8547,Instance1,615,-12,200,0.87,Instance2,615,-48,200,0.13
Object8548,Instance1,788,-13,120,0.5,Instance2,788,-8,120,0.5
Object8549,Instance1,311,-35,110,0.38,Instance2,311,-7,110,0.62
Object8550,Instance1,458,-17,60,0.32,Instance2,458,-46,60,0.68
Object8551,Instance1,502,-40,30,0.83,Instance2,502,-41,30,0.17
Object8552,Instance1,433,-9,110,0.82,Instance2,433,-30,110,0.18
Object8553,Instance1,225,-39,180,0.37,Instance2,225,-26,180,0.63
Object8554,Instance1,588,-42,170,0.41,Instance2,588,-30,170,0.59
Object8555,Instance1,60,-44,80,0.61,Instance2,60,-19,80,0.39
Object8556,Instance1,901,-17,110,0.53,Instance2,901,-42,110,0.47
Object8557,Instance1,405,-42,40,0.68,Instance2,405,-41,40,0.32
Object8558,Instance1,114,-22,140,0.94,Instance2,114,-17,140,0.06
Object8559,Instance1,82,-28,170,0.75,Instance2,82,-2,170,0.25
Object8560,Instance1,410,-37,10,0.38,Instance2,410,-46,10,0.62
Object8561,Instance1,382,-12,60,0.06,Instance2,382,-13,60,0.94
Object8562,Instance1,911,-2,150,0.82,Instance2,911,-41,150,0.18
Object8563,Instance1,156,-25,170,0.3,Instance2,156,-24,170,0.7
Object8564,Instance1,289,-48,150,0.82,Instance2,289,-41,150,0.18
Object8565,Instance1,744,-15,190,0.64,Instance2,744,-28,190,0.36
Object8566,Instance1,34,-5,120,0.22,Instance2,34,-46,120,0.78
Object8567,Instance1,203,-3,200,0.59,Instance2,203,-2,200,0.41
Object8568,Instance1,306,-28,60,0.73,Instance2,306,-5,60,0.27
Object8569,Instance1,569,-25,130,0.69,Instance2,569,-25,130,0.31
Object8570,Instance1,572,-48,50,1.0,Instance2,572,-30,50,0.0
Object8571,Instance1,434,-9,170,0.01,Instance2,434,-9,170,0.99
Object8572,Instance1,254,-39,170,0.39,Instance2,254,-2,170,0.61
Object8573,Instance1,289,-9,20,0.95,Instance2,289,-21,20,0.05
Object8574,Instance1,608,-12,50,0.42,Instance2,608,-44,50,0.58
Object8575,Instance1,617,-44,180,0.76,Instance2,617,-22,180,0.24
Object8576,Instance1,704,-29,30,0.69,Instance2,704,-6,30,0.31
Object8577,Instance1,142,-45,80,0.57,Instance2,142,-2,80,0.43
Object8578,Instance1,718,-8,30,0.52,Instance2,718,-46,30,0.48
Object8579,Instance1,180,-45,30,0.92,Instance2,180,-44,30,0.08
Object8580,Instance1,75,-11,70,0.99,Instance2,75,-7,70,0.01
Object8581,Instance1,805,-39,70,0.82,Instance2,805,-39,70,0.18
Object8582,Instance1,33,-21,30,0.97,Instance2,33,-32,30,0.03
Object8583,Instance1,463,-17,10,0.49,Instance2,463,-25,10,0.51
Object8584,Instance1,287,-16,170,0.26,Instance2,287,-42,170,0.74
Object8585,Instance1,679,-45,200,0.25,Instance2,679,-5,200,0.75
Object8586,Instance1,134,-30,30,0.15,Instance2,134,-3,30,0.85
Object8587,Instance1,950,-31,90,0.22,Instance2,950,-24,90,0.78
Object8588,Instance1,933,-42,160,0.82,Instance2,933,-28,160,0.18
Object8589,Instance1,418,-34,40,0.3,Instance2,418,-41,40,0.7
Object8590,Instance1,298,-12,60,0.06,Instance2,298,-40,60,0.94
Object8591,Instance1,631,-28,190,0.59,Instance2,631,-15,190,0.41
Object8592,Instance1,591,-24,20,0.5,Instance2,591,-17,20,0.5
Object8593,Instance1,336,-3,10,0.15,Instance2,336,-12,10,0.85
Object8594,Instance1,667,-18,140,0.16,Instance2,667,-20,140,0.84
Object8595,Instance1,78,-18,100,0.27,Instance2,78,-8,100,0.73
Object8596,Instance1,44,-40,30,0.71,Instance2,44,-6,30,0.29
Object8597,Instance1,438,-19,110,0.61,Instance2,438,-44,110,0.39
Object8598,Instance1,327,-24,140,0.31,Instance2,327,-18,140,0.69
Object8599,Instance1,725,-33,200,0.59,Instance2,725,-38,200,0.41
Object8600,Instance1,556,-6,100,0.68,Instance2,556,-39,100,0.32
Object8601,Instance1,467,-25,200,0.37,Instance2,467,-36,200,0.63
Object8602,Instance1,376,-34,90,0.81,Instance2,376,-32,90,0.19
Object8603,Instance1,961,-8,110,0.91,Instance2,961,-40,110,0.09
Object8604,Instance1,10,-30,170,0.12,Instance2,10,-18,170,0.88
Object8605,Instance1,958,-18,130,0.32,Instance2,958,-8,130,0.68
Object8606,Instance1,535,-12,10,0.89,Instance2,535,-35,10,0.11
Object8607,Instance1,950,-18,160,0.12,Instance2,950,-43,160,0.88
Object8608,Instance1,81,-16,200,0.67,Instance2,81,-28,200,0.33
Object8609,Instance1,111,-45,190,0.61,Instance2,111,-10,190,0.39
Object8610,Instance1,134,-3,170,0.25,Instance2,134,-18,170,0.75
Object8611,Instance1,65,-45,180,0.28,Instance2,65,-27,180,0.72
Object8612,Instance1,125,-27,160,0.15,Instance2,125,-11,160,0.85
Object8613,Instance1,44,-18,160,0.29,Instance2,44,-47,160,0.71
Object8614,Instance1,479,-35,80,0.04,Instance2,479,-39,80,0.96
Object8615,Instance1,716,-26,20,0.18,Instance2,716,-37,20,0.82
Object8616,Instance1,670,-35,60,0.08,Instance2,670,-7,60,0.92
Object8617,Instance1,440,-28,40,1.0,Instance2,440,-6,40,0.0
Object8618,Instance1,534,-16,200,0.32,Instance2,534,-40,200,0.68
Object8619,Instance1,577,-19,190,0.65,Instance2,577,-36,190,0.35
Object8620,Instance1,815,-38,200,0.14,Instance2,815,-11,200,0.86
Object8621,Instance1,548,-11,50,0.87,Instance2,548,-7,50,0.13
Object8622,Instance1,913,-48,110,0.87,Instance2,913,-8,110,0.13
Object8623,Instance1,421,-49,120,0.13,Instance2,421,-2,120,0.87
Object8624,Instance1,175,-44,80,0.4,Instance2,175,-43,80,0.6
Object8625,Instance1,933,-47,60,0.33,Instance2,933,-39,60,0.67
Object8626,Instance1,589,-33,150,0.1,Instance2,589,-41,150,0.9
Object8627,Instance1,215,-20,150,0.16,Instance2,215,-24,150,0.84
Object8628,Instance1,884,-33,40,0.85,Instance2,884,-38,40,0.15
Object8629,Instance1,935,-27,30,0.27,Instance2,935,-32,30,0.73
Object8630,Instance1,83,-50,200,0.23,Instance2,83,-49,200,0.77
Object8631,Instance1,821,-17,70,0.38,Instance2,821,-29,70,0.62
Object8632,Instance1,350,-21,60,0.77,Instance2,350,-12,60,0.23
Object8633,Instance1,917,-29,140,0.31,Instance2,917,-13,140,0.69
Object8634,Instance1,516,-9,90,0.1,Instance2,516,-5,90,0.9
Object8635,Instance1,132,-42,160,0.09,Instance2,132,-5,160,0.91
Object8636,Instance1,760,-7,10,0.1,Instance2,760,-5,10,0.9
Object8637,Instance1,442,-24,60,0.08,Instance2,442,-31,60,0.92
Object8638,Instance1,524,-29,90,0.32,Instance2,524,-14,90,0.68
Object8639,Instance1,573,-26,110,0.32,Instance2,573,-49,110,0.68
Object8640,Instance1,527,-24,50,0.36,Instance2,527,-36,50,0.64
Object8641,Instance1,834,-41,120,0.14,Instance2,834,-30,120,0.86
Object8642,Instance1,670,-45,60,0.01,Instance2,670,-44,60,0.99
Object8643,Instance1,240,-9,30,0.25,Instance2,240,-24,30,0.75
Object8644,Instance1,772,-8,80,0.4,Instance2,772,-36,80,0.6
Object8645,Instance1,308,-11,110,0.46,Instance2,308,-34,110,0.54
Object8646,Instance1,544,-7,110,0.96,Instance2,544,-36,110,0.04
Object8647,Instance1,840,-15,70,0.32,Instance2,840,-49,70,0.68
Object8648,Instance1,392,-39,10,0.16,Instance2,392,-17,10,0.84
Object8649,Instance1,564,-18,100,0.38,Instance2,564,-15,100,0.62
Object8650,Instance1,396,-23,120,0.87,Instance2,396,-25,120,0.13
Object8651,Instance1,89,-12,130,0.21,Instance2,89,-31,130,0.79
Object8652,Instance1,583,-7,200,0.63,Instance2,583,-36,200,0.37
Object8653,Instance1,531,-4,40,0.13,Instance2,531,-9,40,0.87
Object8654,Instance1,307,-14,200,0.77,Instance2,307,-49,200,0.23
Object8655,Instance1,775,-25,140,0.52,Instance2,775,-34,140,0.48
Object8656,Instance1,535,-28,80,0.66,Instance2,535,-16,80,0.34
Object8657,Instance1,452,-46,200,0.8,Instance2,452,-42,200,0.2
Object8658,Instance1,233,-24,150,0.4,Instance2,233,-9,150,0.6
Object8659,Instance1,480,-1,110,0.3,Instance2,480,-18,110,0.7
Object8660,Instance1,861,-40,80,1.0,Instance2,861,-32,80,0.0
Object8661,Instance1,214,-30,180,0.41,Instance2,214,-6,180,0.59
Object8662,Instance1,349,-26,10,0.48,Instance2,349,-19,10,0.52
Object8663,Instance1,480,-28,80,0.81,Instance2,480,-39,80,0.19
Object8664,Instance1,669,-25,60,0.64,Instance2,669,-44,60,0.36
Object8665,Instance1,558,-2,150,0.01,Instance2,558,-48,150,0.99
Object8666,Instance1,782,-6,120,0.91,Instance2,782,-39,120,0.09
Object8667,Instance1,738,-22,30,0.07,Instance2,738,-7,30,0.93
Object8668,Instance1,962,-7,160,0.85,Instance2,962,-15,160,0.15
Object8669,Instance1,594,-21,190,0.2,Instance2,594,-27,190,0.8
Object8670,Instance1,827,-26,60,0.86,Instance2,827,-36,60,0.14
Object8671,Instance1,170,-28,190,0.72,Instance2,170,-48,190,0.28
Object8672,Instance1,541,-42,120,0.62,Instance2,541,-18,120,0.38
Object8673,Instance1,730,-44,120,0.06,Instance2,730,-44,120,0.94
Object8674,Instance1,238,-18,10,0.8,Instance2,238,-32,10,0.2
Object8675,Instance1,52,-36,130,0.33,Instance2,52,-50,130,0.67
Object8676,Instance1,326,-21,160,0.49,Instance2,326,-28,160,0.51
Object8677,Instance1,342,-47,170,0.9,Instance2,342,-20,170,0.1
Object8678,Instance1,658,-31,110,0.75,Instance2,658,-33,110,0.25
Object8679,Instance1,889,-2,30,0.53,Instance2,889,-43,30,0.47
Object8680,Instance1,736,-17,110,0.98,Instance2,736,-23,110,0.02
Object8681,Instance1,992,-10,70,0.97,Instance2,992,-43,70,0.03
Object8682,Instance1,916,-45,120,0.32,Instance2,916,-11,120,0.68
Object8683,Instance1,771,-37,130,0.81,Instance2,771,-23,130,0.19
Object8684,Instance1,655,-39,70,0.06,Instance2,655,-42,70,0.94
Object8685,Instance1,467,-29,110,0.34,Instance2,467,-33,110,0.66
Object8686,Instance1,519,-16,160,0.68,Instance2,519,-44,160,0.32
Object8687,Instance1,155,-19,50,0.49,Instance2,155,-20,50,0.51
Object8688,Instance1,410,-30,60,0.81,Instance2,410,-40,60,0.19
Object8689,Instance1,365,-39,50,0.76,Instance2,365,-11,50,0.24
Object8690,Instance1,10,-32,20,0.69,Instance2,10,-46,20,0.31
Object8691,Instance1,495,-45,20,0.59,Instance2,495,-23,20,0.41
Object8692,Instance1,462,-25,120,0.88,Instance2,462,-8,120,0.12
Object8693,Instance1,384,-39,140,0.21,Instance2,384,-43,140,0.79
Object8694,Instance1,722,-48,80,0.15,Instance2,722,-2,80,0.85
Object8695,Instance1,788,-39,40,0.41,Instance2,788,-49,40,0.59
Object8696,Instance1,156,-31,20,0.46,Instance2,156,-42,20,0.54
Object8697,Instance1,113,-38,50,0.02,Instance2,113,-18,50,0.98
Object8698,Instance1,566,-35,130,0.7,Instance2,566,-9,130,0.3
Object8699,Instance1,431,-8,30,0.51,Instance2,431,-16,30,0.49
Object8700,Instance1,62,-12,200,0.59,Instance2,62,-31,200,0.41
Object8701,Instance1,700,-31,10,0.2,Instance2,700,-26,10,0.8
Object8702,Instance1,314,-36,20,0.33,Instance2,314,-47,20,0.67
Object8703,Instance1,397,-24,10,0.82,Instance2,397,-4,10,0.18
Object8704,Instance1,143,-12,100,0.66,Instance2,143,-23,100,0.34
Object8705,Instance1,818,-11,130,0.18,Instance2,818,-32,130,0.82
Object8706,Instance1,655,-27,200,0.48,Instance2,655,-30,200,0.52
Object8707,Instance1,565,-26,160,0.33,Instance2,565,-4,160,0.67
Object8708,Instance1,63,-36,80,0.99,Instance2,63,-34,80,0.01
Object8709,Instance1,231,-44,150,0.04,Instance2,231,-12,150,0.96
Object8710,Instance1,991,-40,100,0.38,Instance2,991,-5,100,0.62
Object8711,Instance1,859,-40,70,0.18,Instance2,859,-29,70,0.82
Object8712,Instance1,579,-4,80,0.89,Instance2,579,-40,80,0.11
Object8713,Instance1,201,-36,150,0.67,Instance2,201,-49,150,0.33
Object8714,Instance1,497,-3,110,0.19,Instance2,497,-41,110,0.81
Object8715,Instance1,595,-14,50,0.6,Instance2,595,-47,50,0.4
Object8716,Instance1,441,-1,140,0.48,Instance2,441,-34,140,0.52
Object8717,Instance1,115,-5,70,0.58,Instance2,115,-18,70,0.42
Object8718,Instance1,249,-43,130,0.05,Instance2,249,-48,130,0.95
Object8719,Instance1,203,-14,60,0.26,Instance2,203,-24,60,0.74
Object8720,Instance1,887,-30,110,0.0,Instance2,887,-46,110,1.0
Object8721,Instance1,213,-27,170,0.5,Instance2,213,-7,170,0.5
Object8722,Instance1,759,-13,60,0.82,Instance2,759,-24,60,0.18
Object8723,Instance1,259,-18,80,0.38,Instance2,259,-13,80,0.62
Object8724,Instance1,156,-10,110,0.92,Instance2,156,-28,110,0.08
Object8725,Instance1,564,-15,160,0.54,Instance2,564,-9,160,0.46
Object8726,Instance1,481,-17,80,0.85,Instance2,481,-6,80,0.15
Object8727,Instance1,796,-26,160,0.51,Instance2,796,-27,160,0.49
Object8728,Instance1,839,-15,60,0.56,Instance2,839,-1,60,0.44
Object8729,Instance1,358,-1,110,0.92,Instance2,358,-26,110,0.08
Object8730,Instance1,346,-8,120,0.79,Instance2,346,-47,120,0.21
Object8731,Instance1,1,-16,10,0.52,Instance2,1,-31,10,0.48
Object8732,Instance1,442,-3,120,0.86,Instance2,442,-11,120,0.14
Object8733,Instance1,410,-49,100,0.9,Instance2,410,-30,100,0.1
Object8734,Instance1,774,-17,90,0.3,Instance2,774,-49,90,0.7
Object8735,Instance1,75,-11,50,0.43,Instance2,75,-20,50,0.57
Object8736,Instance1,677,-28,150,0.86,Instance2,677,-23,150,0.14
Object8737,Instance1,472,-28,130,0.09,Instance2,472,-38,130,0.91
Object8738,Instance1,105,-11,80,0.06,Instance2,105,-16,80,0.94
Object8739,Instance1,583,-3,70,0.29,Instance2,583,-10,70,0.71
Object8740,Instance1,550,-7,150,0.01,Instance2,550,-11,150,0.99
Object8741,Instance1,604,-11,20,0.46,Instance2,604,-38,20,0.54
Object8742,Instance1,916,-28,80,0.09,Instance2,916,-46,80,0.91
Object8743,Instance1,346,-30,110,0.98,Instance2,346,-7,110,0.02
Object8744,Instance1,279,-39,10,0.56,Instance2,279,-24,10,0.44
Object8745,Instance1,402,-19,70,0.72,Instance2,402,-1,70,0.28
Object8746,Instance1,552,-50,140,0.83,Instance2,552,-48,140,0.17
Object8747,Instance1,689,-47,170,0.65,Instance2,689,-6,170,0.35
Object8748,Instance1,124,-40,20,0.43,Instance2,124,-4,20,0.57
Object8749,Instance1,471,-49,110,0.1,Instance2,471,-21,110,0.9
Object8750,Instance1,773,-7,140,0.16,Instance2,773,-42,140,0.84
Object8751,Instance1,191,-28,190,0.36,Instance2,191,-48,190,0.64
Object8752,Instance1,511,-4,100,0.22,Instance2,511,-13,100,0.78
Object8753,Instance1,2,-21,110,0.32,Instance2,2,-31,110,0.68
Object8754,Instance1,336,-22,100,0.05,Instance2,336,-35,100,0.95
Object8755,Instance1,499,-21,10,0.16,Instance2,499,-36,10,0.84
Object8756,Instance1,831,-25,120,0.47,Instance2,831,-16,120,0.53
Object8757,Instance1,49,-45,200,1.0,Instance2,49,-31,200,0.0
Object8758,Instance1,702,-40,120,0.13,Instance2,702,-11,120,0.87
Object8759,Instance1,648,-10,70,0.19,Instance2,648,-27,70,0.81
Object8760,Instance1,324,-49,110,0.11,Instance2,324,-25,110,0.89
Object8761,Instance1,421,-8,170,0.47,Instance2,421,-47,170,0.53
Object8762,Instance1,383,-47,70,0.34,Instance2,383,-40,70,0.66
Object8763,Instance1,631,-11,160,0.06,Instance2,631,-45,160,0.94
Object8764,Instance1,747,-44,130,0.96,Instance2,747,-49,130,0.04
Object8765,Instance1,791,-41,140,0.66,Instance2,791,-20,140,0.34
Object8766,Instance1,748,-25,170,0.29,Instance2,748,-42,170,0.71
Object8767,Instance1,439,-43,200,0.13,Instance2,439,-34,200,0.87
Object8768,Instance1,270,-7,120,0.25,Instance2,270,-10,120,0.75
Object8769,Instance1,490,-42,150,0.38,Instance2,490,-13,150,0.62
Object8770,Instance1,504,-19,120,0.42,Instance2,504,-28,120,0.58
Object8771,Instance1,641,-13,10,0.24,Instance2,641,-43,10,0.76
Object8772,Instance1,602,-41,90,0.14,Instance2,602,-36,90,0.86
Object8773,Instance1,481,-37,100,0.38,Instance2,481,-50,100,0.62
Object8774,Instance1,581,-29,140,0.11,Instance2,581,-8,140,0.89
Object8775,Instance1,145,-35,130,0.18,Instance2,145,-34,130,0.82
Object8776,Instance1,638,-42,40,0.09,Instance2,638,-3,40,0.91
Object8777,Instance1,515,-21,100,0.57,Instance2,515,-30,100,0.43
Object8778,Instance1,336,-20,110,0.08,Instance2,336,-44,110,0.92
Object8779,Instance1,708,-3,120,0.73,Instance2,708,-13,120,0.27
Object8780,Instance1,782,-33,30,0.06,Instance2,782,-36,30,0.94
Object8781,Instance1,921,-12,20,0.34,Instance2,921,-50,20,0.66
Object8782,Instance1,801,-11,190,0.73,Instance2,801,-24,190,0.27
Object8783,Instance1,701,-33,170,0.87,Instance2,701,-30,170,0.13
Object8784,Instance1,962,-23,60,0.34,Instance2,962,-6,60,0.66
Object8785,Instance1,799,-10,100,0.19,Instance2,799,-45,100,0.81
Object8786,Instance1,313,-33,100,0.32,Instance2,313,-39,100,0.68
Object8787,Instance1,174,-41,40,0.44,Instance2,174,-33,40,0.56
Object8788,Instance1,182,-6,90,0.34,Instance2,182,-30,90,0.66
Object8789,Instance1,305,-8,150,0.81,Instance2,305,-33,150,0.19
Object8790,Instance1,936,-24,80,0.35,Instance2,936,-30,80,0.65
Object8791,Instance1,32,-4,60,0.72,Instance2,32,-32,60,0.28
Object8792,Instance1,327,-15,160,0.69,Instance2,327,-5,160,0.31
Object8793,Instance1,221,-39,10,0.5,Instance2,221,-31,10,0.5
Object8794,Instance1,764,-38,130,0.15,Instance2,764,-11,130,0.85
Object8795,Instance1,105,-48,60,0.03,Instance2,105,-20,60,0.97
Object8796,Instance1,489,-46,150,0.08,Instance2,489,-2,150,0.92
Object8797,Instance1,527,-30,160,0.68,Instance2,527,-46,160,0.32
Object8798,Instance1,140,-26,190,0.55,Instance2,140,-49,190,0.45
Object8799,Instance1,260,-49,140,0.99,Instance2,260,-39,140,0.01
Object8800,Instance1,844,-42,30,0.88,Instance2,844,-34,30,0.12
Object8801,Instance1,976,-22,70,0.15,Instance2,976,-17,70,0.85
Object8802,Instance1,470,-44,130,0.99,Instance2,470,-37,130,0.01
Object8803,Instance1,187,-4,30,0.63,Instance2,187,-2,30,0.37
Object8804,Instance1,461,-17,10,0.9,Instance2,461,-19,10,0.1
Object8805,Instance1,758,-8,180,0.41,Instance2,758,-34,180,0.59
Object8806,Instance1,935,-6,200,0.24,Instance2,935,-28,200,0.76
Object8807,Instance1,542,-6,200,0.22,Instance2,542,-34,200,0.78
Object8808,Instance1,150,-6,150,0.18,Instance2,150,-6,150,0.82
Object8809,Instance1,752,-14,160,0.77,Instance2,752,-7,160,0.23
Object8810,Instance1,815,-26,130,0.51,Instance2,815,-46,130,0.49
Object8811,Instance1,413,-1,100,0.67,Instance2,413,-1,100,0.33
Object8812,Instance1,697,-24,200,0.27,Instance2,697,-26,200,0.73
Object8813,Instance1,354,-33,200,0.14,Instance2,354,-25,200,0.86
Object8814,Instance1,449,-39,80,0.83,Instance2,449,-5,80,0.17
Object8815,Instance1,871,-3,190,0.17,Instance2,871,-38,190,0.83
Object8816,Instance1,659,-1,160,0.67,Instance2,659,-13,160,0.33
Object8817,Instance1,458,-21,10,0.89,Instance2,458,-26,10,0.11
Object8818,Instance1,691,-28,100,0.8,Instance2,691,-32,100,0.2
Object8819,Instance1,845,-49,50,0.72,Instance2,845,-10,50,0.28
Object8820,Instance1,690,-1,110,0.23,Instance2,690,-22,110,0.77
Object8821,Instance1,848,-17,60,0.99,Instance2,848,-36,60,0.01
Object8822,Instance1,670,-4,110,0.79,Instance2,670,-48,110,0.21
Object8823,Instance1,581,-32,70,0.67,Instance2,581,-38,70,0.33
Object8824,Instance1,26,-5,170,0.38,Instance2,26,-46,170,0.62
Object8825,Instance1,515,-7,60,0.11,Instance2,515,-17,60,0.89
Object8826,Instance1,562,-20,170,0.06,Instance2,562,-17,170,0.94
Object8827,Instance1,507,-18,40,0.23,Instance2,507,-7,40,0.77
Object8828,Instance1,293,-46,40,0.84,Instance2,293,-20,40,0.16
Object8829,Instance1,280,-13,80,0.17,Instance2,280,-28,80,0.83
Object8830,Instance1,22,-24,130,0.16,Instance2,22,-43,130,0.84
Object8831,Instance1,622,-10,190,0.19,Instance2,622,-42,190,0.81
Object8832,Instance1,978,-3,30,0.83,Instance2,978,-42,30,0.17
Object8833,Instance1,586,-2,160,0.57,Instance2,586,-35,160,0.43
Object8834,Instance1,222,-44,150,0.76,Instance2,222,-19,150,0.24
Object8835,Instance1,770,-4,70,0.74,Instance2,770,-8,70,0.26
Object8836,Instance1,996,-14,70,0.64,Instance2,996,-7,70,0.36
Object8837,Instance1,96,-17,30,0.42,Instance2,96,-22,30,0.58
Object8838,Instance1,817,-46,150,0.75,Instance2,817,-8,150,0.25
Object8839,Instance1,44,-23,190,0.2,Instance2,44,-37,190,0.8
Object8840,Instance1,871,-18,120,0.83,Instance2,871,-7,120,0.17
Object8841,Instance1,690,-25,60,0.83,Instance2,690,-42,60,0.17
Object8842,Instance1,828,-10,80,0.42,Instance2,828,-30,80,0.58
Object8843,Instance1,383,-20,190,0.94,Instance2,383,-14,190,0.06
Object8844,Instance1,337,-6,80,0.36,Instance2,337,-46,80,0.64
Object8845,Instance1,238,-7,140,0.82,Instance2,238,-2,140,0.18
Object8846,Instance1,408,-44,110,0.98,Instance2,408,-39,110,0.02
Object8847,Instance1,392,-43,110,0.16,Instance2,392,-2,110,0.84
Object8848,Instance1,965,-30,30,0.01,Instance2,965,-13,30,0.99
Object8849,Instance1,934,-1,70,0.87,Instance2,934,-6,70,0.13
Object8850,Instance1,461,-28,110,0.37,Instance2,461,-6,110,0.63
Object8851,Instance1,924,-12,50,0.34,Instance2,924,-17,50,0.66
Object8852,Instance1,814,-27,70,0.76,Instance2,814,-46,70,0.24
Object8853,Instance1,704,-8,80,0.11,Instance2,704,-25,80,0.89
Object8854,Instance1,48,-43,90,0.45,Instance2,48,-28,90,0.55
Object8855,Instance1,543,-48,120,0.79,Instance2,543,-32,120,0.21
Object8856,Instance1,773,-27,90,0.84,Instance2,773,-49,90,0.16
Object8857,Instance1,594,-11,130,0.35,Instance2,594,-22,130,0.65
Object8858,Instance1,99,-40,190,0.92,Instance2,99,-16,190,0.08
Object8859,Instance1,157,-46,150,0.39,Instance2,157,-7,150,0.61
Object8860,Instance1,329,-46,190,0.35,Instance2,329,-39,190,0.65
Object8861,Instance1,871,-22,120,0.07,Instance2,871,-26,120,0.93
Object8862,Instance1,62,-9,190,0.99,Instance2,62,-1,190,0.01
Object8863,Instance1,127,-4,180,0.51,Instance2,127,-35,180,0.49
Object8864,Instance1,348,-31,120,0.34,Instance2,348,-25,120,0.66
Object8865,Instance1,597,-36,190,0.53,Instance2,597,-26,190,0.47
Object8866,Instance1,872,-50,190,0.77,Instance2,872,-25,190,0.23
Object8867,Instance1,691,-28,100,0.74,Instance2,691,-11,100,0.26
Object8868,Instance1,32,-33,170,0.14,Instance2,32,-21,170,0.86
Object8869,Instance1,137,-35,170,0.7,Instance2,137,-5,170,0.3
Object8870,Instance1,650,-31,80,0.43,Instance2,650,-5,80,0.57
Object8871,Instance1,504,-20,170,0.52,Instance2,504,-45,170,0.48
Object8872,Instance1,287,-37,40,0.54,Instance2,287,-18,40,0.46
Object8873,Instance1,105,-19,200,0.79,Instance2,105,-15,200,0.21
Object8874,Instance1,843,-19,30,0.55,Instance2,843,-49,30,0.45
Object8875,Instance1,186,-23,190,0.44,Instance2,186,-49,190,0.56
Object8876,Instance1,325,-28,50,0.25,Instance2,325,-48,50,0.75
Object8877,Instance1,72,-6,100,0.71,Instance2,72,-9,100,0.29
Object8878,Instance1,955,-45,30,0.28,Instance2,955,-5,30,0.72
Object8879,Instance1,183,-5,200,0.9,Instance2,183,-41,200,0.1
Object8880,Instance1,855,-44,90,0.71,Instance2,855,-33,90,0.29
Object8881,Instance1,699,-41,110,0.42,Instance2,699,-8,110,0.58
Object8882,Instance1,282,-10,130,0.35,Instance2,282,-15,130,0.65
Object8883,Instance1,698,-45,180,0.35,Instance2,698,-3,180,0.65
Object8884,Instance1,163,-39,170,0.23,Instance2,163,-43,170,0.77
Object8885,Instance1,210,-15,160,0.61,Instance2,210,-30,160,0.39
Object8886,Instance1,189,-15,60,0.39,Instance2,189,-24,60,0.61
Object8887,Instance1,865,-15,10,0.31,Instance2,865,-5,10,0.69
Object8888,Instance1,387,-27,130,0.83,Instance2,387,-18,130,0.17
Object8889,Instance1,473,-40,80,0.75,Instance2,473,-24,80,0.25
Object8890,Instance1,935,-26,170,0.29,Instance2,935,-24,170,0.71
Object8891,Instance1,409,-33,150,0.51,Instance2,409,-22,150,0.49
Object8892,Instance1,243,-38,170,0.24,Instance2,243,-32,170,0.76
Object8893,Instance1,265,-8,200,0.75,Instance2,265,-34,200,0.25
Object8894,Instance1,548,-8,30,0.78,Instance2,548,-48,30,0.22
Object8895,Instance1,275,-6,170,0.62,Instance2,275,-23,170,0.38
Object8896,Instance1,852,-27,40,0.03,Instance2,852,-1,40,0.97
Object8897,Instance1,717,-14,170,0.04,Instance2,717,-44,170,0.96
Object8898,Instance1,238,-16,30,0.28,Instance2,238,-49,30,0.72
Object8899,Instance1,466,-17,140,0.35,Instance2,466,-40,140,0.65
Object8900,Instance1,749,-49,100,0.88,Instance2,749,-23,100,0.12
Object8901,Instance1,734,-22,180,0.06,Instance2,734,-3,180,0.94
Object8902,Instance1,804,-32,10,0.53,Instance2,804,-26,10,0.47
Object8903,Instance1,567,-13,170,0.03,Instance2,567,-41,170,0.97
Object8904,Instance1,216,-6,130,0.8,Instance2,216,-6,130,0.2
Object8905,Instance1,512,-11,20,0.82,Instance2,512,-31,20,0.18
Object8906,Instance1,79,-15,100,0.06,Instance2,79,-7,100,0.94
Object8907,Instance1,216,-22,80,0.63,Instance2,216,-21,80,0.37
Object8908,Instance1,832,-44,140,0.76,Instance2,832,-46,140,0.24
Object8909,Instance1,219,-20,150,0.21,Instance2,219,-26,150,0.79
Object8910,Instance1,740,-44,90,0.77,Instance2,740,-26,90,0.23
Object8911,Instance1,860,-18,140,0.04,Instance2,860,-29,140,0.96
Object8912,Instance1,865,-16,90,0.71,Instance2,865,-30,90,0.29
Object8913,Instance1,532,-45,200,0.66,Instance2,532,-11,200,0.34
Object8914,Instance1,759,-4,80,0.27,Instance2,759,-27,80,0.73
Object8915,Instance1,393,-4,60,0.83,Instance2,393,-9,60,0.17
Object8916,Instance1,932,-32,70,0.12,Instance2,932,-39,70,0.88
Object8917,Instance1,524,-5,120,0.09,Instance2,524,-21,120,0.91
Object8918,Instance1,62,-6,200,0.24,Instance2,62,-40,200,0.76
Object8919,Instance1,445,-46,50,0.1,Instance2,445,-32,50,0.9
Object8920,Instance1,393,-38,10,0.43,Instance2,393,-47,10,0.57
Object8921,Instance1,664,-10,170,0.47,Instance2,664,-31,170,0.53
Object8922,Instance1,8,-11,60,0.09,Instance2,8,-36,60,0.91
Object8923,Instance1,89,-46,20,0.83,Instance2,89,-39,20,0.17
Object8924,Instance1,268,-17,200,0.5,Instance2,268,-7,200,0.5
Object8925,Instance1,838,-11,80,0.24,Instance2,838,-24,80,0.76
Object8926,Instance1,3,-22,100,0.57,Instance2,3,-43,100,0.43
Object8927,Instance1,221,-39,130,0.34,Instance2,221,-45,130,0.66
Object8928,Instance1,83,-27,120,0.59,Instance2,83,-25,120,0.41
Object8929,Instance1,705,-21,110,0.79,Instance2,705,-39,110,0.21
Object8930,Instance1,39,-22,190,0.41,Instance2,39,-16,190,0.59
Object8931,Instance1,810,-38,30,0.05,Instance2,810,-36,30,0.95
Object8932,Instance1,807,-35,190,0.67,Instance2,807,-5,190,0.33
Object8933,Instance1,778,-19,10,0.57,Instance2,778,-21,10,0.43
Object8934,Instance1,779,-25,120,0.99,Instance2,779,-42,120,0.01
Object8935,Instance1,484,-11,10,0.53,Instance2,484,-39,10,0.47
Object8936,Instance1,637,-35,170,0.68,Instance2,637,-33,170,0.32
Object8937,Instance1,691,-47,20,0.45,Instance2,691,-36,20,0.55
Object8938,Instance1,596,-42,110,0.33,Instance2,596,-27,110,0.67
Object8939,Instance1,78,-22,40,0.67,Instance2,78,-13,40,0.33
Object8940,Instance1,721,-12,130,0.12,Instance2,721,-7,130,0.88
Object8941,Instance1,887,-44,160,0.59,Instance2,887,-13,160,0.41
Object8942,Instance1,440,-11,120,0.26,Instance2,440,-36,120,0.74
Object8943,Instance1,741,-22,70,0.85,Instance2,741,-29,70,0.15
Object8944,Instance1,100,-37,90,0.64,Instance2,100,-4,90,0.36
Object8945,Instance1,202,-5,180,0.21,Instance2,202,-30,180,0.79
Object8946,Instance1,277,-19,80,0.56,Instance2,277,-24,80,0.44
Object8947,Instance1,47,-8,160,0.48,Instance2,47,-1,160,0.52
Object8948,Instance1,355,-26,40,0.99,Instance2,355,-16,40,0.01
Object8949,Instance1,887,-12,60,0.12,Instance2,887,-40,60,0.88
Object8950,Instance1,558,-37,50,0.45,Instance2,558,-24,50,0.55
Object8951,Instance1,949,-31,100,0.03,Instance2,949,-25,100,0.97
Object8952,Instance1,552,-26,200,0.94,Instance2,552,-18,200,0.06
Object8953,Instance1,263,-25,120,0.52,Instance2,263,-49,120,0.48
Object8954,Instance1,558,-45,80,0.3,Instance2,558,-20,80,0.7
Object8955,Instance1,973,-29,50,0.66,Instance2,973,-26,50,0.34
Object8956,Instance1,449,-9,50,0.0,Instance2,449,-14,50,1.0
Object8957,Instance1,55,-17,160,0.21,Instance2,55,-12,160,0.79
Object8958,Instance1,861,-35,150,0.71,Instance2,861,-32,150,0.29
Object8959,Instance1,481,-28,150,0.3,Instance2,481,-47,150,0.7
Object8960,Instance1,710,-18,60,0.26,Instance2,710,-8,60,0.74
Object8961,Instance1,672,-27,70,0.39,Instance2,672,-43,70,0.61
Object8962,Instance1,383,-10,30,0.32,Instance2,383,-27,30,0.68
Object8963,Instance1,300,-1,60,0.95,Instance2,300,-12,60,0.05
Object8964,Instance1,737,-1,190,0.83,Instance2,737,-47,190,0.17
Object8965,Instance1,509,-46,140,0.18,Instance2,509,-29,140,0.82
Object8966,Instance1,890,-36,170,0.6,Instance2,890,-18,170,0.4
Object8967,Instance1,794,-22,50,0.2,Instance2,794,-50,50,0.8
Object8968,Instance1,193,-27,160,0.12,Instance2,193,-13,160,0.88
Object8969,Instance1,466,-42,50,0.38,Instance2,466,-40,50,0.62
Object8970,Instance1,823,-47,170,0.78,Instance2,823,-39,170,0.22
Object8971,Instance1,786,-35,170,0.67,Instance2,786,-11,170,0.33
Object8972,Instance1,171,-4,40,0.85,Instance2,171,-45,40,0.15
Object8973,Instance1,676,-41,30,0.95,Instance2,676,-4,30,0.05
Object8974,Instance1,303,-49,180,0.96,Instance2,303,-17,180,0.04
Object8975,Instance1,642,-32,90,0.86,Instance2,642,-9,90,0.14
Object8976,Instance1,524,-5,130,0.95,Instance2,524,-43,130,0.05
Object8977,Instance1,516,-12,100,0.82,Instance2,516,-22,100,0.18
Object8978,Instance1,427,-25,140,0.7,Instance2,427,-34,140,0.3
Object8979,Instance1,713,-37,80,0.32,Instance2,713,-22,80,0.68
Object8980,Instance1,941,-3,30,0.6,Instance2,941,-15,30,0.4
Object8981,Instance1,525,-34,170,0.42,Instance2,525,-18,170,0.58
Object8982,Instance1,744,-38,40,0.24,Instance2,744,-42,40,0.76
Object8983,Instance1,724,-45,80,0.51,Instance2,724,-27,80,0.49
Object8984,Instance1,276,-43,30,0.76,Instance2,276,-18,30,0.24
Object8985,Instance1,703,-32,200,0.59,Instance2,703,-34,200,0.41
Object8986,Instance1,556,-13,80,0.43,Instance2,556,-18,80,0.57
Object8987,Instance1,520,-44,80,0.47,Instance2,520,-20,80,0.53
Object8988,Instance1,64,-41,190,0.71,Instance2,64,-29,190,0.29
Object8989,Instance1,901,-10,150,0.09,Instance2,901,-2,150,0.91
Object8990,Instance1,976,-10,120,0.3,Instance2,976,-29,120,0.7
Object8991,Instance1,85,-48,100,0.47,Instance2,85,-17,100,0.53
Object8992,Instance1,65,-2,110,0.41,Instance2,65,-40,110,0.59
Object8993,Instance1,817,-40,60,0.16,Instance2,817,-29,60,0.84
Object8994,Instance1,492,-12,160,0.9,Instance2,492,-7,160,0.1
Object8995,Instance1,58,-21,120,0.14,Instance2,58,-23,120,0.86
Object8996,Instance1,973,-39,120,0.56,Instance2,973,-36,120,0.44
Object8997,Instance1,756,-16,190,0.72,Instance2,756,-6,190,0.28
Object8998,Instance1,970,-12,100,0.83,Instance2,970,-16,100,0.17
Object8999,Instance1,938,-2,40,0.03,Instance2,938,-31,40,0.97
Object9000,Instance1,908,-5,70,0.19,Instance2,908,-43,70,0.81
Object9001,Instance1,503,-14,120,0.91,Instance2,503,-26,120,0.09
Object9002,Instance1,55,-10,200,0.4,Instance2,55,-7,200,0.6
Object9003,Instance1,221,-32,70,0.15,Instance2,221,-8,70,0.85
Object9004,Instance1,284,-18,180,0.06,Instance2,284,-18,180,0.94
Object9005,Instance1,165,-40,20,0.55,Instance2,165,-11,20,0.45
Object9006,Instance1,338,-25,90,0.19,Instance2,338,-42,90,0.81
Object9007,Instance1,117,-48,160,0.12,Instance2,117,-31,160,0.88
Object9008,Instance1,94,-36,100,0.92,Instance2,94,-5,100,0.08
Object9009,Instance1,524,-18,80,0.18,Instance2,524,-39,80,0.82
Object9010,Instance1,902,-29,50,0.07,Instance2,902,-12,50,0.93
Object9011,Instance1,161,-45,90,0.3,Instance2,161,-50,90,0.7
Object9012,Instance1,627,-26,130,0.83,Instance2,627,-2,130,0.17
Object9013,Instance1,272,-30,190,0.5,Instance2,272,-50,190,0.5
Object9014,Instance1,740,-3,150,0.6,Instance2,740,-21,150,0.4
Object9015,Instance1,341,-48,80,0.38,Instance2,341,-34,80,0.62
Object9016,Instance1,293,-7,40,0.92,Instance2,293,-43,40,0.08
Object9017,Instance1,396,-10,20,0.63,Instance2,396,-41,20,0.37
Object9018,Instance1,462,-32,120,0.76,Instance2,462,-8,120,0.24
Object9019,Instance1,373,-23,110,0.29,Instance2,373,-47,110,0.71
Object9020,Instance1,530,-43,40,0.13,Instance2,530,-11,40,0.87
Object9021,Instance1,393,-20,170,0.81,Instance2,393,-24,170,0.19
Object9022,Instance1,737,-36,30,0.72,Instance2,737,-9,30,0.28
Object9023,Instance1,384,-22,190,0.45,Instance2,384,-6,190,0.55
Object9024,Instance1,847,-41,60,0.09,Instance2,847,-27,60,0.91
Object9025,Instance1,310,-23,180,0.74,Instance2,310,-40,180,0.26
Object9026,Instance1,62,-2,20,0.0,Instance2,62,-34,20,1.0
Object9027,Instance1,740,-13,190,0.1,Instance2,740,-10,190,0.9
Object9028,Instance1,232,-5,90,0.52,Instance2,232,-10,90,0.48
Object9029,Instance1,889,-8,130,0.92,Instance2,889,-9,130,0.08
Object9030,Instance1,292,-41,50,0.32,Instance2,292,-19,50,0.68
Object9031,Instance1,56,-3,10,0.27,Instance2,56,-17,10,0.73
Object9032,Instance1,618,-18,110,0.18,Instance2,618,-43,110,0.82
Object9033,Instance1,636,-47,40,0.44,Instance2,636,-46,40,0.56
Object9034,Instance1,627,-32,10,0.61,Instance2,627,-33,10,0.39
Object9035,Instance1,273,-41,150,0.74,Instance2,273,-44,150,0.26
Object9036,Instance1,126,-25,150,0.27,Instance2,126,-43,150,0.73
Object9037,Instance1,664,-20,170,0.52,Instance2,664,-21,170,0.48
Object9038,Instance1,739,-15,50,0.39,Instance2,739,-27,50,0.61
Object9039,Instance1,780,-25,130,0.29,Instance2,780,-39,130,0.71
Object9040,Instance1,433,-24,190,0.29,Instance2,433,-45,190,0.71
Object9041,Instance1,347,-49,110,0.65,Instance2,347,-2,110,0.35
Object9042,Instance1,848,-47,200,0.13,Instance2,848,-40,200,0.87
Object9043,Instance1,633,-1,20,0.32,Instance2,633,-2,20,0.68
Object9044,Instance1,277,-41,30,0.83,Instance2,277,-37,30,0.17
Object9045,Instance1,101,-45,130,0.55,Instance2,101,-32,130,0.45
Object9046,Instance1,234,-47,110,0.35,Instance2,234,-30,110,0.65
Object9047,Instance1,816,-39,200,0.82,Instance2,816,-48,200,0.18
Object9048,Instance1,10,-50,100,0.46,Instance2,10,-50,100,0.54
Object9049,Instance1,232,-25,80,0.65,Instance2,232,-32,80,0.35
Object9050,Instance1,676,-34,40,0.69,Instance2,676,-37,40,0.31
Object9051,Instance1,289,-13,170,0.5,Instance2,289,-30,170,0.5
Object9052,Instance1,548,-35,40,0.6,Instance2,548,-18,40,0.4
Object9053,Instance1,166,-20,40,0.77,Instance2,166,-21,40,0.23
Object9054,Instance1,272,-39,60,0.83,Instance2,272,-33,60,0.17
Object9055,Instance1,670,-12,60,0.86,Instance2,670,-13,60,0.14
Object9056,Instance1,322,-23,60,0.43,Instance2,322,-27,60,0.57
Object9057,Instance1,536,-14,110,0.34,Instance2,536,-12,110,0.66
Object9058,Instance1,739,-1,60,1.0,Instance2,739,-27,60,0.0
Object9059,Instance1,111,-8,150,0.01,Instance2,111,-21,150,0.99
Object9060,Instance1,452,-39,60,0.22,Instance2,452,-12,60,0.78
Object9061,Instance1,137,-44,170,0.56,Instance2,137,-1,170,0.44
Object9062,Instance1,287,-33,40,0.38,Instance2,287,-13,40,0.62
Object9063,Instance1,183,-17,10,0.86,Instance2,183,-33,10,0.14
Object9064,Instance1,138,-22,30,0.68,Instance2,138,-22,30,0.32
Object9065,Instance1,736,-34,140,0.53,Instance2,736,-2,140,0.47
Object9066,Instance1,896,-47,110,0.43,Instance2,896,-10,110,0.57
Object9067,Instance1,126,-14,20,0.75,Instance2,126,-3,20,0.25
Object9068,Instance1,789,-1,120,0.26,Instance2,789,-30,120,0.74
Object9069,Instance1,363,-25,90,0.69,Instance2,363,-6,90,0.31
Object9070,Instance1,338,-16,80,0.04,Instance2,338,-26,80,0.96
Object9071,Instance1,905,-33,140,0.44,Instance2,905,-47,140,0.56
Object9072,Instance1,944,-39,130,0.0,Instance2,944,-47,130,1.0
Object9073,Instance1,796,-36,60,0.83,Instance2,796,-24,60,0.17
Object9074,Instance1,330,-11,90,0.5,Instance2,330,-28,90,0.5
Object9075,Instance1,995,-32,50,0.73,Instance2,995,-35,50,0.27
Object9076,Instance1,604,-24,160,0.18,Instance2,604,-22,160,0.82
Object9077,Instance1,592,-41,10,0.7,Instance2,592,-1,10,0.3
Object9078,Instance1,555,-48,140,0.57,Instance2,555,-19,140,0.43
Object9079,Instance1,964,-17,110,0.06,Instance2,964,-19,110,0.94
Object9080,Instance1,713,-39,120,0.41,Instance2,713,-23,120,0.59
Object9081,Instance1,350,-36,90,0.67,Instance2,350,-33,90,0.33
Object9082,Instance1,233,-13,60,0.13,Instance2,233,-18,60,0.87
Object9083,Instance1,401,-17,70,0.7,Instance2,401,-27,70,0.3
Object9084,Instance1,329,-50,190,0.72,Instance2,329,-25,190,0.28
Object9085,Instance1,52,-4,170,0.8,Instance2,52,-50,170,0.2
Object9086,Instance1,811,-34,10,0.0,Instance2,811,-10,10,1.0
Object9087,Instance1,67,-4,40,0.89,Instance2,67,-22,40,0.11
Object9088,Instance1,498,-48,30,0.4,Instance2,498,-17,30,0.6
Object9089,Instance1,493,-30,70,0.45,Instance2,493,-46,70,0.55
Object9090,Instance1,861,-13,30,0.15,Instance2,861,-29,30,0.85
Object9091,Instance1,927,-18,150,0.26,Instance2,927,-5,150,0.74
Object9092,Instance1,732,-38,190,0.0,Instance2,732,-12,190,1.0
Object9093,Instance1,438,-49,110,0.77,Instance2,438,-36,110,0.23
Object9094,Instance1,491,-34,150,0.19,Instance2,491,-3,150,0.81
Object9095,Instance1,178,-49,70,0.26,Instance2,178,-16,70,0.74
Object9096,Instance1,274,-10,170,0.98,Instance2,274,-49,170,0.02
Object9097,Instance1,590,-34,20,0.44,Instance2,590,-45,20,0.56
Object9098,Instance1,998,-11,140,0.81,Instance2,998,-9,140,0.19
Object9099,Instance1,722,-49,170,0.54,Instance2,722,-27,170,0.46
Object9100,Instance1,370,-38,190,0.4,Instance2,370,-10,190,0.6
Object9101,Instance1,337,-28,150,0.18,Instance2,337,-19,150,0.82
Object9102,Instance1,568,-22,120,0.33,Instance2,568,-12,120,0.67
Object9103,Instance1,842,-8,90,0.55,Instance2,842,-9,90,0.45
Object9104,Instance1,374,-38,150,0.89,Instance2,374,-23,150,0.11
Object9105,Instance1,678,-46,200,0.74,Instance2,678,-3,200,0.26
Object9106,Instance1,535,-11,100,0.24,Instance2,535,-17,100,0.76
Object9107,Instance1,484,-29,150,0.49,Instance2,484,-20,150,0.51
Object9108,Instance1,203,-42,180,0.09,Instance2,203,-6,180,0.91
Object9109,Instance1,409,-50,30,0.3,Instance2,409,-3,30,0.7
Object9110,Instance1,698,-42,140,0.49,Instance2,698,-14,140,0.51
Object9111,Instance1,24,-2,180,0.46,Instance2,24,-19,180,0.54
Object9112,Instance1,456,-40,110,0.92,Instance2,456,-20,110,0.08
Object9113,Instance1,556,-41,170,0.19,Instance2,556,-39,170,0.81
Object9114,Instance1,964,-46,60,0.12,Instance2,964,-5,60,0.88
Object9115,Instance1,265,-17,70,0.01,Instance2,265,-18,70,0.99
Object9116,Instance1,886,-24,120,0.15,Instance2,886,-3,120,0.85
Object9117,Instance1,962,-23,130,0.38,Instance2,962,-7,130,0.62
Object9118,Instance1,512,-2,140,0.4,Instance2,512,-33,140,0.6
Object9119,Instance1,635,-21,40,0.55,Instance2,635,-1,40,0.45
Object9120,Instance1,924,-9,100,0.04,Instance2,924,-39,100,0.96
Object9121,Instance1,238,-33,20,0.15,Instance2,238,-19,20,0.85
Object9122,Instance1,370,-50,60,0.7,Instance2,370,-44,60,0.3
Object9123,Instance1,450,-5,180,0.17,Instance2,450,-38,180,0.83
Object9124,Instance1,214,-12,120,0.3,Instance2,214,-22,120,0.7
Object9125,Instance1,941,-29,130,0.66,Instance2,941,-21,130,0.34
Object9126,Instance1,768,-23,160,0.54,Instance2,768,-10,160,0.46
Object9127,Instance1,623,-33,190,0.15,Instance2,623,-20,190,0.85
Object9128,Instance1,750,-1,90,0.99,Instance2,750,-29,90,0.01
Object9129,Instance1,552,-45,90,0.83,Instance2,552,-8,90,0.17
Object9130,Instance1,210,-11,50,0.23,Instance2,210,-48,50,0.77
Object9131,Instance1,773,-44,30,0.73,Instance2,773,-43,30,0.27
Object9132,Instance1,23,-43,10,0.05,Instance2,23,-43,10,0.95
Object9133,Instance1,696,-13,30,0.32,Instance2,696,-38,30,0.68
Object9134,Instance1,407,-43,40,0.76,Instance2,407,-24,40,0.24
Object9135,Instance1,435,-38,180,0.08,Instance2,435,-12,180,0.92
Object9136,Instance1,913,-40,170,0.51,Instance2,913,-40,170,0.49
Object9137,Instance1,506,-2,90,0.02,Instance2,506,-41,90,0.98
Object9138,Instance1,310,-49,120,0.33,Instance2,310,-41,120,0.67
Object9139,Instance1,202,-4,200,0.49,Instance2,202,-34,200,0.51
Object9140,Instance1,357,-50,190,0.66,Instance2,357,-44,190,0.34
Object9141,Instance1,619,-14,100,0.34,Instance2,619,-47,100,0.66
Object9142,Instance1,547,-50,200,0.08,Instance2,547,-6,200,0.92
Object9143,Instance1,277,-28,190,0.04,Instance2,277,-7,190,0.96
Object9144,Instance1,142,-33,90,0.98,Instance2,142,-43,90,0.02
Object9145,Instance1,990,-43,120,0.68,Instance2,990,-29,120,0.32
Object9146,Instance1,868,-12,50,0.93,Instance2,868,-39,50,0.07
Object9147,Instance1,69,-46,10,0.84,Instance2,69,-28,10,0.16
Object9148,Instance1,590,-8,40,0.65,Instance2,590,-5,40,0.35
Object9149,Instance1,778,-31,170,1.0,Instance2,778,-29,170,0.0
Object9150,Instance1,27,-9,40,1.0,Instance2,27,-46,40,0.0
Object9151,Instance1,659,-46,90,0.69,Instance2,659,-37,90,0.31
Object9152,Instance1,637,-39,130,0.99,Instance2,637,-22,130,0.01
Object9153,Instance1,208,-2,140,0.42,Instance2,208,-27,140,0.58
Object9154,Instance1,756,-4,30,0.56,Instance2,756,-18,30,0.44
Object9155,Instance1,634,-30,60,0.22,Instance2,634,-31,60,0.78
Object9156,Instance1,391,-16,40,0.32,Instance2,391,-18,40,0.68
Object9157,Instance1,893,-22,190,0.78,Instance2,893,-37,190,0.22
Object9158,Instance1,528,-4,190,0.27,Instance2,528,-39,190,0.73
Object9159,Instance1,482,-4,130,0.54,Instance2,482,-48,130,0.46
Object9160,Instance1,267,-26,70,0.75,Instance2,267,-32,70,0.25
Object9161,Instance1,71,-29,30,0.07,Instance2,71,-3,30,0.93
Object9162,Instance1,305,-9,160,0.08,Instance2,305,-20,160,0.92
Object9163,Instance1,677,-24,140,0.63,Instance2,677,-18,140,0.37
Object9164,Instance1,970,-2,110,0.8,Instance2,970,-32,110,0.2
Object9165,Instance1,449,-49,160,0.1,Instance2,449,-36,160,0.9
Object9166,Instance1,169,-1,60,0.39,Instance2,169,-21,60,0.61
Object9167,Instance1,19,-26,30,0.39,Instance2,19,-27,30,0.61
Object9168,Instance1,335,-22,10,0.74,Instance2,335,-49,10,0.26
Object9169,Instance1,969,-13,60,0.95,Instance2,969,-31,60,0.05
Object9170,Instance1,931,-15,200,0.6,Instance2,931,-42,200,0.4
Object9171,Instance1,115,-49,200,0.98,Instance2,115,-10,200,0.02
Object9172,Instance1,618,-9,80,0.63,Instance2,618,-19,80,0.37
Object9173,Instance1,171,-36,70,0.01,Instance2,171,-30,70,0.99
Object9174,Instance1,6,-14,60,0.19,Instance2,6,-45,60,0.81
Object9175,Instance1,511,-3,40,0.92,Instance2,511,-19,40,0.08
Object9176,Instance1,305,-46,90,0.02,Instance2,305,-18,90,0.98
Object9177,Instance1,957,-29,190,0.83,Instance2,957,-3,190,0.17
Object9178,Instance1,429,-4,160,0.67,Instance2,429,-6,160,0.33
Object9179,Instance1,458,-42,80,0.22,Instance2,458,-2,80,0.78
Object9180,Instance1,92,-15,30,0.91,Instance2,92,-44,30,0.09
Object9181,Instance1,292,-23,160,0.98,Instance2,292,-20,160,0.02
Object9182,Instance1,250,-25,160,0.48,Instance2,250,-50,160,0.52
Object9183,Instance1,507,-26,20,0.45,Instance2,507,-6,20,0.55
Object9184,Instance1,53,-34,130,0.55,Instance2,53,-7,130,0.45
Object9185,Instance1,200,-14,20,0.97,Instance2,200,-9,20,0.03
Object9186,Instance1,930,-27,40,0.8,Instance2,930,-22,40,0.2
Object9187,Instance1,312,-6,160,0.77,Instance2,312,-32,160,0.23
Object9188,Instance1,131,-38,200,0.4,Instance2,131,-4,200,0.6
Object9189,Instance1,942,-13,20,0.35,Instance2,942,-6,20,0.65
Object9190,Instance1,250,-46,160,0.93,Instance2,250,-8,160,0.07
Object9191,Instance1,477,-25,170,0.36,Instance2,477,-48,170,0.64
Object9192,Instance1,470,-24,110,0.01,Instance2,470,-16,110,0.99
Object9193,Instance1,705,-38,150,0.24,Instance2,705,-27,150,0.76
Object9194,Instance1,834,-19,90,0.59,Instance2,834,-42,90,0.41
Object9195,Instance1,439,-7,170,0.65,Instance2,439,-10,170,0.35
Object9196,Instance1,975,-35,10,0.16,Instance2,975,-30,10,0.84
Object9197,Instance1,59,-27,30,0.92,Instance2,59,-36,30,0.08
Object9198,Instance1,659,-4,130,0.84,Instance2,659,-40,130,0.16
Object9199,Instance1,593,-37,160,0.98,Instance2,593,-22,160,0.02
Object9200,Instance1,260,-29,70,0.48,Instance2,260,-15,70,0.52
Object9201,Instance1,371,-49,90,0.74,Instance2,371,-9,90,0.26
Object9202,Instance1,176,-42,60,0.48,Instance2,176,-8,60,0.52
Object9203,Instance1,350,-32,100,0.3,Instance2,350,-20,100,0.7
Object9204,Instance1,172,-37,30,0.37,Instance2,172,-29,30,0.63
Object9205,Instance1,38,-7,130,0.97,Instance2,38,-31,130,0.03
Object9206,Instance1,992,-7,40,0.01,Instance2,992,-13,40,0.99
Object9207,Instance1,654,-29,40,0.53,Instance2,654,-21,40,0.47
Object9208,Instance1,887,-33,30,0.16,Instance2,887,-5,30,0.84
Object9209,Instance1,461,-49,70,0.66,Instance2,461,-24,70,0.34
Object9210,Instance1,884,-49,20,0.21,Instance2,884,-29,20,0.79
Object9211,Instance1,790,-34,150,0.75,Instance2,790,-15,150,0.25
Object9212,Instance1,886,-3,90,0.45,Instance2,886,-7,90,0.55
Object9213,Instance1,914,-35,140,0.79,Instance2,914,-50,140,0.21
Object9214,Instance1,146,-40,60,0.43,Instance2,146,-38,60,0.57
Object9215,Instance1,397,-36,40,0.83,Instance2,397,-31,40,0.17
Object9216,Instance1,968,-25,90,0.92,Instance2,968,-26,90,0.08
Object9217,Instance1,884,-24,20,0.29,Instance2,884,-24,20,0.71
Object9218,Instance1,340,-2,10,0.42,Instance2,340,-27,10,0.58
Object9219,Instance1,475,-2,10,0.83,Instance2,475,-3,10,0.17
Object9220,Instance1,331,-37,140,0.24,Instance2,331,-27,140,0.76
Object9221,Instance1,747,-37,20,0.82,Instance2,747,-8,20,0.18
Object9222,Instance1,720,-1,90,0.83,Instance2,720,-34,90,0.17
Object9223,Instance1,367,-23,50,0.76,Instance2,367,-17,50,0.24
Object9224,Instance1,427,-21,110,0.45,Instance2,427,-31,110,0.55
Object9225,Instance1,230,-44,60,0.23,Instance2,230,-21,60,0.77
Object9226,Instance1,662,-7,140,0.42,Instance2,662,-26,140,0.58
Object9227,Instance1,406,-44,150,0.51,Instance2,406,-11,150,0.49
Object9228,Instance1,263,-47,160,0.37,Instance2,263,-40,160,0.63
Object9229,Instance1,750,-1,130,0.82,Instance2,750,-45,130,0.18
Object9230,Instance1,972,-23,180,0.98,Instance2,972,-1,180,0.02
Object9231,Instance1,231,-22,160,0.72,Instance2,231,-49,160,0.28
Object9232,Instance1,692,-50,60,0.45,Instance2,692,-6,60,0.55
Object9233,Instance1,569,-16,70,0.85,Instance2,569,-28,70,0.15
Object9234,Instance1,594,-50,50,0.33,Instance2,594,-20,50,0.67
Object9235,Instance1,17,-35,150,0.77,Instance2,17,-21,150,0.23
Object9236,Instance1,306,-24,40,0.56,Instance2,306,-9,40,0.44
Object9237,Instance1,516,-23,10,0.43,Instance2,516,-49,10,0.57
Object9238,Instance1,355,-28,120,0.18,Instance2,355,-18,120,0.82
Object9239,Instance1,6,-29,180,0.19,Instance2,6,-2,180,0.81
Object9240,Instance1,254,-11,100,0.84,Instance2,254,-47,100,0.16
Object9241,Instance1,712,-24,120,0.93,Instance2,712,-45,120,0.07
Object9242,Instance1,63,-16,160,0.65,Instance2,63,-22,160,0.35
Object9243,Instance1,971,-7,30,0.52,Instance2,971,-23,30,0.48
Object9244,Instance1,448,-46,50,0.62,Instance2,448,-15,50,0.38
Object9245,Instance1,10,-14,20,0.35,Instance2,10,-43,20,0.65
Object9246,Instance1,209,-21,60,0.74,Instance2,209,-43,60,0.26
Object9247,Instance1,649,-10,190,0.62,Instance2,649,-47,190,0.38
Object9248,Instance1,881,-13,50,0.14,Instance2,881,-8,50,0.86
Object9249,Instance1,553,-29,50,0.21,Instance2,553,-38,50,0.79
Object9250,Instance1,909,-10,40,0.04,Instance2,909,-32,40,0.96
Object9251,Instance1,604,-38,30,0.58,Instance2,604,-19,30,0.42
Object9252,Instance1,60,-6,100,0.5,Instance2,60,-41,100,0.5
Object9253,Instance1,21,-43,150,0.06,Instance2,21,-11,150,0.94
Object9254,Instance1,872,-25,170,0.46,Instance2,872,-14,170,0.54
Object9255,Instance1,129,-33,150,0.53,Instance2,129,-22,150,0.47
Object9256,Instance1,958,-47,10,0.61,Instance2,958,-26,10,0.39
Object9257,Instance1,515,-14,110,0.05,Instance2,515,-11,110,0.95
Object9258,Instance1,31,-32,100,0.87,Instance2,31,-41,100,0.13
Object9259,Instance1,959,-17,140,0.03,Instance2,959,-29,140,0.97
Object9260,Instance1,916,-25,120,0.94,Instance2,916,-17,120,0.06
Object9261,Instance1,673,-46,40,0.7,Instance2,673,-29,40,0.3
Object9262,Instance1,439,-38,50,0.33,Instance2,439,-11,50,0.67
Object9263,Instance1,427,-36,110,0.31,Instance2,427,-1,110,0.69
Object9264,Instance1,245,-21,70,0.69,Instance2,245,-1,70,0.31
Object9265,Instance1,609,-41,200,0.62,Instance2,609,-29,200,0.38
Object9266,Instance1,246,-26,160,0.49,Instance2,246,-28,160,0.51
Object9267,Instance1,860,-17,80,0.21,Instance2,860,-15,80,0.79
Object9268,Instance1,515,-42,200,0.62,Instance2,515,-27,200,0.38
Object9269,Instance1,836,-15,10,0.91,Instance2,836,-1,10,0.09
Object9270,Instance1,794,-44,130,0.71,Instance2,794,-39,130,0.29
Object9271,Instance1,640,-12,10,0.91,Instance2,640,-49,10,0.09
Object9272,Instance1,458,-13,170,0.12,Instance2,458,-27,170,0.88
Object9273,Instance1,432,-26,140,0.48,Instance2,432,-8,140,0.52
Object9274,Instance1,711,-44,30,0.6,Instance2,711,-37,30,0.4
Object9275,Instance1,615,-39,150,0.74,Instance2,615,-41,150,0.26
Object9276,Instance1,211,-31,150,0.23,Instance2,211,-45,150,0.77
Object9277,Instance1,239,-25,120,0.64,Instance2,239,-39,120,0.36
Object9278,Instance1,744,-6,200,0.43,Instance2,744,-22,200,0.57
Object9279,Instance1,346,-30,150,0.44,Instance2,346,-13,150,0.56
Object9280,Instance1,447,-34,100,0.02,Instance2,447,-9,100,0.98
Object9281,Instance1,898,-45,10,0.16,Instance2,898,-37,10,0.84
Object9282,Instance1,139,-7,130,0.66,Instance2,139,-32,130,0.34
Object9283,Instance1,428,-23,120,0.18,Instance2,428,-11,120,0.82
Object9284,Instance1,624,-35,50,0.35,Instance2,624,-6,50,0.65
Object9285,Instance1,594,-21,10,0.28,Instance2,594,-5,10,0.72
Object9286,Instance1,443,-39,10,0.15,Instance2,443,-34,10,0.85
Object9287,Instance1,797,-31,100,0.64,Instance2,797,-37,100,0.36
Object9288,Instance1,740,-6,150,0.21,Instance2,740,-16,150,0.79
Object9289,Instance1,832,-12,80,0.42,Instance2,832,-7,80,0.58
Object9290,Instance1,605,-30,160,0.93,Instance2,605,-16,160,0.07
Object9291,Instance1,493,-37,190,0.43,Instance2,493,-46,190,0.57
Object9292,Instance1,497,-50,120,0.2,Instance2,497,-18,120,0.8
Object9293,Instance1,524,-13,130,0.72,Instance2,524,-29,130,0.28
Object9294,Instance1,43,-44,70,0.07,Instance2,43,-31,70,0.93
Object9295,Instance1,847,-35,80,0.96,Instance2,847,-26,80,0.04
Object9296,Instance1,55,-2,100,0.3,Instance2,55,-38,100,0.7
Object9297,Instance1,667,-42,190,0.44,Instance2,667,-46,190,0.56
Object9298,Instance1,333,-8,110,0.65,Instance2,333,-7,110,0.35
Object9299,Instance1,661,-25,110,0.47,Instance2,661,-33,110,0.53
Object9300,Instance1,20,-32,50,0.04,Instance2,20,-22,50,0.96
Object9301,Instance1,620,-12,100,0.73,Instance2,620,-37,100,0.27
Object9302,Instance1,839,-33,100,0.97,Instance2,839,-48,100,0.03
Object9303,Instance1,268,-2,10,0.21,Instance2,268,-9,10,0.79
Object9304,Instance1,752,-37,130,0.23,Instance2,752,-16,130,0.77
Object9305,Instance1,196,-7,90,0.35,Instance2,196,-39,90,0.65
Object9306,Instance1,482,-39,140,0.39,Instance2,482,-7,140,0.61
Object9307,Instance1,921,-46,70,0.91,Instance2,921,-30,70,0.09
Object9308,Instance1,987,-4,150,0.35,Instance2,987,-14,150,0.65
Object9309,Instance1,974,-1,70,0.77,Instance2,974,-27,70,0.23
Object9310,Instance1,580,-33,90,0.68,Instance2,580,-36,90,0.32
Object9311,Instance1,896,-33,140,0.15,Instance2,896,-17,140,0.85
Object9312,Instance1,512,-1,190,0.02,Instance2,512,-36,190,0.98
Object9313,Instance1,124,-11,30,0.33,Instance2,124,-26,30,0.67
Object9314,Instance1,324,-35,50,0.54,Instance2,324,-14,50,0.46
Object9315,Instance1,327,-49,90,0.54,Instance2,327,-24,90,0.46
Object9316,Instance1,956,-25,50,0.69,Instance2,956,-27,50,0.31
Object9317,Instance1,167,-2,140,0.2,Instance2,167,-3,140,0.8
Object9318,Instance1,369,-4,150,0.05,Instance2,369,-45,150,0.95
Object9319,Instance1,489,-22,110,0.54,Instance2,489,-3,110,0.46
Object9320,Instance1,366,-17,190,0.64,Instance2,366,-1,190,0.36
Object9321,Instance1,838,-30,40,0.88,Instance2,838,-46,40,0.12
Object9322,Instance1,367,-13,170,0.17,Instance2,367,-31,170,0.83
Object9323,Instance1,972,-49,140,0.43,Instance2,972,-27,140,0.57
Object9324,Instance1,558,-28,150,0.46,Instance2,558,-40,150,0.54
Object9325,Instance1,232,-34,110,0.94,Instance2,232,-48,110,0.06
Object9326,Instance1,668,-45,180,0.77,Instance2,668,-26,180,0.23
Object9327,Instance1,696,-16,160,0.96,Instance2,696,-50,160,0.04
Object9328,Instance1,842,-50,80,0.26,Instance2,842,-43,80,0.74
Object9329,Instance1,173,-25,110,0.2,Instance2,173,-30,110,0.8
Object9330,Instance1,9,-20,100,0.72,Instance2,9,-14,100,0.28
Object9331,Instance1,108,-38,160,0.45,Instance2,108,-22,160,0.55
Object9332,Instance1,971,-30,180,0.09,Instance2,971,-30,180,0.91
Object9333,Instance1,896,-26,180,0.55,Instance2,896,-4,180,0.45
Object9334,Instance1,460,-3,70,0.29,Instance2,460,-31,70,0.71
Object9335,Instance1,611,-1,140,0.74,Instance2,611,-28,140,0.26
Object9336,Instance1,401,-24,60,0.46,Instance2,401,-6,60,0.54
Object9337,Instance1,318,-30,160,0.88,Instance2,318,-24,160,0.12
Object9338,Instance1,493,-37,160,0.58,Instance2,493,-37,160,0.42
Object9339,Instance1,386,-28,70,0.56,Instance2,386,-49,70,0.44
Object9340,Instance1,779,-41,200,0.42,Instance2,779,-22,200,0.58
Object9341,Instance1,308,-14,150,0.36,Instance2,308,-22,150,0.64
Object9342,Instance1,117,-4,200,0.69,Instance2,117,-33,200,0.31
Object9343,Instance1,92,-26,110,0.81,Instance2,92,-43,110,0.19
Object9344,Instance1,448,-16,70,0.33,Instance2,448,-1,70,0.67
Object9345,Instance1,593,-35,160,0.82,Instance2,593,-16,160,0.18
Object9346,Instance1,528,-5,110,0.68,Instance2,528,-11,110,0.32
Object9347,Instance1,658,-42,100,0.57,Instance2,658,-15,100,0.43
Object9348,Instance1,939,-8,140,0.32,Instance2,939,-49,140,0.68
Object9349,Instance1,61,-18,140,0.57,Instance2,61,-17,140,0.43
Object9350,Instance1,51,-4,80,0.97,Instance2,51,-24,80,0.03
Object9351,Instance1,390,-17,90,0.92,Instance2,390,-27,90,0.08
Object9352,Instance1,729,-40,100,0.99,Instance2,729,-50,100,0.01
Object9353,Instance1,127,-27,140,0.11,Instance2,127,-32,140,0.89
Object9354,Instance1,517,-32,150,0.29,Instance2,517,-1,150,0.71
Object9355,Instance1,264,-38,20,0.62,Instance2,264,-46,20,0.38
Object9356,Instance1,553,-14,160,0.99,Instance2,553,-19,160,0.01
Object9357,Instance1,622,-37,20,0.07,Instance2,622,-40,20,0.93
Object9358,Instance1,605,-36,80,0.32,Instance2,605,-26,80,0.68
Object9359,Instance1,312,-14,60,0.06,Instance2,312,-18,60,0.94
Object9360,Instance1,139,-6,30,0.45,Instance2,139,-24,30,0.55
Object9361,Instance1,321,-10,170,0.27,Instance2,321,-30,170,0.73
Object9362,Instance1,990,-40,140,0.11,Instance2,990,-1,140,0.89
Object9363,Instance1,44,-2,200,0.92,Instance2,44,-41,200,0.08
Object9364,Instance1,626,-17,10,0.6,Instance2,626,-22,10,0.4
Object9365,Instance1,367,-30,190,0.13,Instance2,367,-10,190,0.87
Object9366,Instance1,376,-43,100,0.73,Instance2,376,-43,100,0.27
Object9367,Instance1,357,-41,40,0.09,Instance2,357,-35,40,0.91
Object9368,Instance1,370,-15,190,0.15,Instance2,370,-35,190,0.85
Object9369,Instance1,787,-31,120,0.6,Instance2,787,-48,120,0.4
Object9370,Instance1,543,-29,100,0.33,Instance2,543,-25,100,0.67
Object9371,Instance1,338,-11,130,0.47,Instance2,338,-37,130,0.53
Object9372,Instance1,129,-12,60,0.16,Instance2,129,-19,60,0.84
Object9373,Instance1,269,-22,110,0.67,Instance2,269,-30,110,0.33
Object9374,Instance1,175,-13,60,0.97,Instance2,175,-16,60,0.03
Object9375,Instance1,292,-45,200,0.78,Instance2,292,-7,200,0.22
Object9376,Instance1,565,-1,180,0.27,Instance2,565,-5,180,0.73
Object9377,Instance1,133,-15,140,0.48,Instance2,133,-25,140,0.52
Object9378,Instance1,303,-33,170,0.82,Instance2,303,-13,170,0.18
Object9379,Instance1,320,-42,20,0.37,Instance2,320,-4,20,0.63
Object9380,Instance1,983,-18,190,0.66,Instance2,983,-43,190,0.34
Object9381,Instance1,74,-44,200,0.18,Instance2,74,-13,200,0.82
Object9382,Instance1,80,-48,70,0.75,Instance2,80,-38,70,0.25
Object9383,Instance1,538,-13,80,0.71,Instance2,538,-29,80,0.29
Object9384,Instance1,750,-39,40,0.97,Instance2,750,-34,40,0.03
Object9385,Instance1,80,-32,110,0.82,Instance2,80,-28,110,0.18
Object9386,Instance1,205,-42,40,0.85,Instance2,205,-35,40,0.15
Object9387,Instance1,131,-19,20,0.02,Instance2,131,-11,20,0.98
Object9388,Instance1,209,-31,200,0.07,Instance2,209,-25,200,0.93
Object9389,Instance1,431,-43,40,0.86,Instance2,431,-2,40,0.14
Object9390,Instance1,564,-32,150,0.83,Instance2,564,-17,150,0.17
Object9391,Instance1,211,-17,30,0.67,Instance2,211,-34,30,0.33
Object9392,Instance1,600,-34,130,0.06,Instance2,600,-16,130,0.94
Object9393,Instance1,109,-36,140,0.13,Instance2,109,-1,140,0.87
Object9394,Instance1,222,-44,110,0.19,Instance2,222,-46,110,0.81
Object9395,Instance1,554,-46,80,0.18,Instance2,554,-6,80,0.82
Object9396,Instance1,314,-45,50,0.01,Instance2,314,-8,50,0.99
Object9397,Instance1,947,-3,110,0.07,Instance2,947,-19,110,0.93
Object9398,Instance1,282,-41,100,0.68,Instance2,282,-37,100,0.32
Object9399,Instance1,869,-18,160,0.33,Instance2,869,-26,160,0.67
Object9400,Instance1,645,-18,100,0.47,Instance2,645,-11,100,0.53
Object9401,Instance1,613,-39,200,0.25,Instance2,613,-48,200,0.75
Object9402,Instance1,818,-12,180,0.77,Instance2,818,-46,180,0.23
Object9403,Instance1,716,-17,190,0.01,Instance2,716,-22,190,0.99
Object9404,Instance1,454,-36,150,0.7,Instance2,454,-39,150,0.3
Object9405,Instance1,623,-2,80,0.67,Instance2,623,-33,80,0.33
Object9406,Instance1,255,-27,140,0.57,Instance2,255,-49,140,0.43
Object9407,Instance1,606,-21,60,0.98,Instance2,606,-15,60,0.02
Object9408,Instance1,808,-39,80,0.89,Instance2,808,-3,80,0.11
Object9409,Instance1,757,-50,120,0.75,Instance2,757,-5,120,0.25
Object9410,Instance1,976,-37,200,0.37,Instance2,976,-11,200,0.63
Object9411,Instance1,668,-36,110,0.98,Instance2,668,-5,110,0.02
Object9412,Instance1,495,-3,30,0.64,Instance2,495,-21,30,0.36
Object9413,Instance1,166,-38,130,0.66,Instance2,166,-8,130,0.34
Object9414,Instance1,702,-3,10,0.04,Instance2,702,-34,10,0.96
Object9415,Instance1,830,-27,150,0.37,Instance2,830,-31,150,0.63
Object9416,Instance1,837,-7,120,0.58,Instance2,837,-23,120,0.42
Object9417,Instance1,54,-39,100,0.21,Instance2,54,-11,100,0.79
Object9418,Instance1,200,-26,80,0.57,Instance2,200,-2,80,0.43
Object9419,Instance1,931,-22,70,0.86,Instance2,931,-17,70,0.14
Object9420,Instance1,235,-25,80,0.06,Instance2,235,-7,80,0.94
Object9421,Instance1,330,-32,180,0.54,Instance2,330,-30,180,0.46
Object9422,Instance1,392,-46,110,0.38,Instance2,392,-23,110,0.62
Object9423,Instance1,424,-5,140,0.73,Instance2,424,-31,140,0.27
Object9424,Instance1,947,-27,90,0.1,Instance2,947,-16,90,0.9
Object9425,Instance1,898,-39,160,0.37,Instance2,898,-42,160,0.63
Object9426,Instance1,404,-1,40,0.53,Instance2,404,-7,40,0.47
Object9427,Instance1,487,-40,150,0.02,Instance2,487,-35,150,0.98
Object9428,Instance1,853,-15,110,0.3,Instance2,853,-33,110,0.7
Object9429,Instance1,240,-5,110,0.21,Instance2,240,-5,110,0.79
Object9430,Instance1,241,-44,170,0.38,Instance2,241,-13,170,0.62
Object9431,Instance1,219,-15,190,0.21,Instance2,219,-43,190,0.79
Object9432,Instance1,660,-49,90,0.53,Instance2,660,-17,90,0.47
Object9433,Instance1,393,-10,90,0.98,Instance2,393,-50,90,0.02
Object9434,Instance1,732,-26,190,0.62,Instance2,732,-4,190,0.38
Object9435,Instance1,775,-20,130,0.86,Instance2,775,-23,130,0.14
Object9436,Instance1,205,-5,150,0.62,Instance2,205,-29,150,0.38
Object9437,Instance1,289,-11,150,0.33,Instance2,289,-11,150,0.67
Object9438,Instance1,471,-21,200,0.88,Instance2,471,-37,200,0.12
Object9439,Instance1,388,-31,30,0.32,Instance2,388,-43,30,0.68
Object9440,Instance1,264,-13,40,0.39,Instance2,264,-32,40,0.61
Object9441,Instance1,661,-22,40,0.23,Instance2,661,-35,40,0.77
Object9442,Instance1,68,-34,160,0.98,Instance2,68,-17,160,0.02
Object9443,Instance1,287,-1,40,0.31,Instance2,287,-35,40,0.69
Object9444,Instance1,876,-6,140,0.73,Instance2,876,-3,140,0.27
Object9445,Instance1,690,-40,180,0.18,Instance2,690,-20,180,0.82
Object9446,Instance1,680,-12,100,0.39,Instance2,680,-31,100,0.61
Object9447,Instance1,903,-38,90,0.39,Instance2,903,-25,90,0.61
Object9448,Instance1,194,-19,40,1.0,Instance2,194,-30,40,0.0
Object9449,Instance1,783,-32,70,0.1,Instance2,783,-19,70,0.9
Object9450,Instance1,269,-23,150,0.67,Instance2,269,-6,150,0.33
Object9451,Instance1,783,-14,70,0.2,Instance2,783,-11,70,0.8
Object9452,Instance1,413,-45,50,0.79,Instance2,413,-4,50,0.21
Object9453,Instance1,502,-5,190,0.31,Instance2,502,-10,190,0.69
Object9454,Instance1,294,-9,110,0.88,Instance2,294,-30,110,0.12
Object9455,Instance1,845,-44,160,0.18,Instance2,845,-20,160,0.82
Object9456,Instance1,127,-4,80,0.81,Instance2,127,-13,80,0.19
Object9457,Instance1,410,-47,170,0.43,Instance2,410,-18,170,0.57
Object9458,Instance1,284,-20,180,0.56,Instance2,284,-27,180,0.44
Object9459,Instance1,550,-34,120,0.33,Instance2,550,-37,120,0.67
Object9460,Instance1,746,-7,100,0.36,Instance2,746,-33,100,0.64
Object9461,Instance1,223,-6,20,0.71,Instance2,223,-41,20,0.29
Object9462,Instance1,736,-43,30,0.22,Instance2,736,-2,30,0.78
Object9463,Instance1,153,-37,160,0.85,Instance2,153,-11,160,0.15
Object9464,Instance1,301,-15,100,0.07,Instance2,301,-16,100,0.93
Object9465,Instance1,72,-5,150,0.42,Instance2,72,-42,150,0.58
Object9466,Instance1,704,-26,140,0.52,Instance2,704,-25,140,0.48
Object9467,Instance1,382,-10,130,0.62,Instance2,382,-7,130,0.38
Object9468,Instance1,441,-9,80,0.21,Instance2,441,-19,80,0.79
Object9469,Instance1,123,-6,20,0.64,Instance2,123,-37,20,0.36
Object9470,Instance1,591,-49,30,0.8,Instance2,591,-20,30,0.2
Object9471,Instance1,72,-47,160,0.22,Instance2,72,-26,160,0.78
Object9472,Instance1,101,-29,200,0.98,Instance2,101,-24,200,0.02
Object9473,Instance1,38,-5,160,0.43,Instance2,38,-13,160,0.57
Object9474,Instance1,569,-49,70,0.66,Instance2,569,-28,70,0.34
Object9475,Instance1,827,-31,140,0.21,Instance2,827,-39,140,0.79
Object9476,Instance1,28,-25,160,0.4,Instance2,28,-41,160,0.6
Object9477,Instance1,250,-24,130,0.37,Instance2,250,-15,130,0.63
Object9478,Instance1,762,-20,170,0.02,Instance2,762,-47,170,0.98
Object9479,Instance1,522,-43,180,0.8,Instance2,522,-11,180,0.2
Object9480,Instance1,905,-3,70,0.82,Instance2,905,-43,70,0.18
Object9481,Instance1,802,-32,130,0.07,Instance2,802,-18,130,0.93
Object9482,Instance1,359,-2,170,0.95,Instance2,359,-3,170,0.05
Object9483,Instance1,327,-30,70,0.89,Instance2,327,-33,70,0.11
Object9484,Instance1,898,-47,40,0.59,Instance2,898,-39,40,0.41
Object9485,Instance1,417,-41,200,0.53,Instance2,417,-9,200,0.47
Object9486,Instance1,954,-45,30,0.27,Instance2,954,-26,30,0.73
Object9487,Instance1,413,-12,80,0.03,Instance2,413,-3,80,0.97
Object9488,Instance1,711,-3,50,0.64,Instance2,711,-30,50,0.36
Object9489,Instance1,336,-36,180,0.42,Instance2,336,-48,180,0.58
Object9490,Instance1,913,-46,10,0.94,Instance2,913,-22,10,0.06
Object9491,Instance1,996,-41,10,0.75,Instance2,996,-14,10,0.25
Object9492,Instance1,774,-29,180,0.34,Instance2,774,-14,180,0.66
Object9493,Instance1,917,-22,70,0.67,Instance2,917,-19,70,0.33
Object9494,Instance1,528,-21,60,0.21,Instance2,528,-28,60,0.79
Object9495,Instance1,575,-11,120,0.82,Instance2,575,-16,120,0.18
Object9496,Instance1,503,-39,130,0.11,Instance2,503,-38,130,0.89
Object9497,Instance1,632,-25,110,0.93,Instance2,632,-2,110,0.07
Object9498,Instance1,653,-6,20,0.8,Instance2,653,-3,20,0.2
Object9499,Instance1,872,-44,150,0.77,Instance2,872,-38,150,0.23
Object9500,Instance1,33,-4,120,0.32,Instance2,33,-37,120,0.68
Object9501,Instance1,146,-12,180,0.49,Instance2,146,-13,180,0.51
Object9502,Instance1,161,-2,190,0.99,Instance2,161,-38,190,0.01
Object9503,Instance1,93,-5,160,0.8,Instance2,93,-11,160,0.2
Object9504,Instance1,453,-16,160,0.17,Instance2,453,-30,160,0.83
Object9505,Instance1,924,-23,150,0.19,Instance2,924,-22,150,0.81
Object9506,Instance1,60,-47,50,0.58,Instance2,60,-36,50,0.42
Object9507,Instance1,554,-49,30,0.8,Instance2,554,-33,30,0.2
Object9508,Instance1,720,-10,120,0.82,Instance2,720,-8,120,0.18
Object9509,Instance1,631,-39,80,0.58,Instance2,631,-32,80,0.42
Object9510,Instance1,233,-1,200,0.8,Instance2,233,-12,200,0.2
Object9511,Instance1,94,-40,120,1.0,Instance2,94,-20,120,0.0
Object9512,Instance1,103,-13,40,0.24,Instance2,103,-29,40,0.76
Object9513,Instance1,405,-19,10,0.59,Instance2,405,-44,10,0.41
Object9514,Instance1,96,-25,110,0.93,Instance2,96,-29,110,0.07
Object9515,Instance1,650,-47,90,0.45,Instance2,650,-40,90,0.55
Object9516,Instance1,856,-16,50,0.09,Instance2,856,-12,50,0.91
Object9517,Instance1,546,-15,50,0.42,Instance2,546,-49,50,0.58
Object9518,Instance1,345,-40,20,0.04,Instance2,345,-6,20,0.96
Object9519,Instance1,968,-1,150,0.95,Instance2,968,-39,150,0.05
Object9520,Instance1,420,-4,30,0.57,Instance2,420,-1,30,0.43
Object9521,Instance1,264,-44,160,0.92,Instance2,264,-28,160,0.08
Object9522,Instance1,239,-4,50,0.24,Instance2,239,-30,50,0.76
Object9523,Instance1,884,-15,60,0.12,Instance2,884,-23,60,0.88
Object9524,Instance1,854,-6,50,0.36,Instance2,854,-9,50,0.64
Object9525,Instance1,913,-10,50,0.63,Instance2,913,-13,50,0.37
Object9526,Instance1,33,-6,50,0.09,Instance2,33,-27,50,0.91
Object9527,Instance1,357,-3,130,0.19,Instance2,357,-36,130,0.81
Object9528,Instance1,883,-48,50,0.08,Instance2,883,-20,50,0.92
Object9529,Instance1,947,-3,200,0.24,Instance2,947,-44,200,0.76
Object9530,Instance1,475,-20,190,0.83,Instance2,475,-18,190,0.17
Object9531,Instance1,34,-17,50,0.26,Instance2,34,-28,50,0.74
Object9532,Instance1,202,-42,130,0.38,Instance2,202,-25,130,0.62
Object9533,Instance1,574,-16,150,0.59,Instance2,574,-38,150,0.41
Object9534,Instance1,157,-11,70,0.23,Instance2,157,-32,70,0.77
Object9535,Instance1,484,-3,160,0.39,Instance2,484,-41,160,0.61
Object9536,Instance1,589,-31,40,0.22,Instance2,589,-15,40,0.78
Object9537,Instance1,689,-30,130,0.99,Instance2,689,-29,130,0.01
Object9538,Instance1,765,-27,160,0.83,Instance2,765,-40,160,0.17
Object9539,Instance1,805,-18,140,0.95,Instance2,805,-20,140,0.05
Object9540,Instance1,823,-43,30,0.81,Instance2,823,-29,30,0.19
Object9541,Instance1,388,-14,140,0.81,Instance2,388,-15,140,0.19
Object9542,Instance1,512,-30,130,0.16,Instance2,512,-1,130,0.84
Object9543,Instance1,702,-34,150,0.04,Instance2,702,-43,150,0.96
Object9544,Instance1,119,-1,160,0.13,Instance2,119,-6,160,0.87
Object9545,Instance1,257,-9,120,0.37,Instance2,257,-12,120,0.63
Object9546,Instance1,932,-8,160,0.77,Instance2,932,-24,160,0.23
Object9547,Instance1,215,-50,170,0.73,Instance2,215,-9,170,0.27
Object9548,Instance1,216,-22,90,0.63,Instance2,216,-8,90,0.37
Object9549,Instance1,234,-42,50,0.71,Instance2,234,-22,50,0.29
Object9550,Instance1,911,-42,100,0.66,Instance2,911,-9,100,0.34
Object9551,Instance1,956,-36,90,0.55,Instance2,956,-6,90,0.45
Object9552,Instance1,505,-48,180,0.94,Instance2,505,-9,180,0.06
Object9553,Instance1,596,-34,140,0.02,Instance2,596,-30,140,0.98
Object9554,Instance1,50,-15,110,0.16,Instance2,50,-29,110,0.84
Object9555,Instance1,781,-43,40,0.41,Instance2,781,-20,40,0.59
Object9556,Instance1,7,-6,150,1.0,Instance2,7,-50,150,0.0
Object9557,Instance1,563,-17,150,0.4,Instance2,563,-36,150,0.6
Object9558,Instance1,941,-31,80,0.13,Instance2,941,-20,80,0.87
Object9559,Instance1,602,-5,40,0.69,Instance2,602,-33,40,0.31
Object9560,Instance1,162,-6,60,0.33,Instance2,162,-20,60,0.67
Object9561,Instance1,279,-31,100,0.55,Instance2,279,-16,100,0.45
Object9562,Instance1,791,-19,90,0.85,Instance2,791,-6,90,0.15
Object9563,Instance1,440,-30,200,0.07,Instance2,440,-46,200,0.93
Object9564,Instance1,422,-43,140,0.25,Instance2,422,-24,140,0.75
Object9565,Instance1,814,-7,170,0.57,Instance2,814,-7,170,0.43
Object9566,Instance1,337,-3,190,0.44,Instance2,337,-47,190,0.56
Object9567,Instance1,117,-39,130,0.33,Instance2,117,-19,130,0.67
Object9568,Instance1,224,-5,130,0.84,Instance2,224,-2,130,0.16
Object9569,Instance1,12,-31,20,0.95,Instance2,12,-7,20,0.05
Object9570,Instance1,237,-44,100,0.45,Instance2,237,-22,100,0.55
Object9571,Instance1,93,-2,120,0.74,Instance2,93,-20,120,0.26
Object9572,Instance1,220,-35,20,0.9,Instance2,220,-11,20,0.1
Object9573,Instance1,156,-43,200,0.33,Instance2,156,-17,200,0.67
Object9574,Instance1,307,-41,20,0.06,Instance2,307,-47,20,0.94
Object9575,Instance1,435,-28,130,0.47,Instance2,435,-17,130,0.53
Object9576,Instance1,191,-19,100,0.48,Instance2,191,-38,100,0.52
Object9577,Instance1,775,-1,120,0.09,Instance2,775,-20,120,0.91
Object9578,Instance1,156,-2,10,0.07,Instance2,156,-25,10,0.93
Object9579,Instance1,50,-5,200,0.57,Instance2,50,-47,200,0.43
Object9580,Instance1,627,-10,130,0.83,Instance2,627,-3,130,0.17
Object9581,Instance1,386,-24,200,0.14,Instance2,386,-12,200,0.86
Object9582,Instance1,677,-6,120,0.82,Instance2,677,-12,120,0.18
Object9583,Instance1,72,-21,60,0.64,Instance2,72,-45,60,0.36
Object9584,Instance1,47,-27,10,0.57,Instance2,47,-33,10,0.43
Object9585,Instance1,823,-33,200,0.42,Instance2,823,-16,200,0.58
Object9586,Instance1,295,-18,140,0.14,Instance2,295,-47,140,0.86
Object9587,Instance1,491,-2,70,0.52,Instance2,491,-17,70,0.48
Object9588,Instance1,269,-3,150,0.75,Instance2,269,-33,150,0.25
Object9589,Instance1,88,-20,70,0.73,Instance2,88,-16,70,0.27
Object9590,Instance1,889,-6,80,0.26,Instance2,889,-11,80,0.74
Object9591,Instance1,942,-6,130,0.66,Instance2,942,-8,130,0.34
Object9592,Instance1,336,-24,190,0.41,Instance2,336,-9,190,0.59
Object9593,Instance1,869,-14,170,0.24,Instance2,869,-36,170,0.76
Object9594,Instance1,715,-45,190,0.17,Instance2,715,-25,190,0.83
Object9595,Instance1,108,-8,60,0.27,Instance2,108,-11,60,0.73
Object9596,Instance1,201,-12,30,0.99,Instance2,201,-40,30,0.01
Object9597,Instance1,435,-3,70,0.55,Instance2,435,-35,70,0.45
Object9598,Instance1,761,-38,190,0.72,Instance2,761,-16,190,0.28
Object9599,Instance1,373,-25,180,0.31,Instance2,373,-41,180,0.69
Object9600,Instance1,340,-48,70,0.92,Instance2,340,-2,70,0.08
Object9601,Instance1,908,-48,180,0.36,Instance2,908,-12,180,0.64
Object9602,Instance1,644,-38,180,0.59,Instance2,644,-10,180,0.41
Object9603,Instance1,584,-7,60,0.86,Instance2,584,-48,60,0.14
Object9604,Instance1,933,-8,10,0.13,Instance2,933,-36,10,0.87
Object9605,Instance1,1,-23,60,0.38,Instance2,1,-8,60,0.62
Object9606,Instance1,409,-18,90,0.68,Instance2,409,-21,90,0.32
Object9607,Instance1,240,-29,20,0.4,Instance2,240,-43,20,0.6
Object9608,Instance1,833,-3,100,0.54,Instance2,833,-29,100,0.46
Object9609,Instance1,937,-32,70,0.23,Instance2,937,-14,70,0.77
Object9610,Instance1,153,-7,200,0.13,Instance2,153,-11,200,0.87
Object9611,Instance1,790,-49,110,0.49,Instance2,790,-8,110,0.51
Object9612,Instance1,638,-17,30,0.16,Instance2,638,-47,30,0.84
Object9613,Instance1,604,-11,140,0.54,Instance2,604,-6,140,0.46
Object9614,Instance1,284,-28,160,0.79,Instance2,284,-6,160,0.21
Object9615,Instance1,484,-40,10,0.49,Instance2,484,-34,10,0.51
Object9616,Instance1,1000,-17,70,0.88,Instance2,1000,-49,70,0.12
Object9617,Instance1,449,-35,110,0.02,Instance2,449,-4,110,0.98
Object9618,Instance1,14,-38,150,0.47,Instance2,14,-41,150,0.53
Object9619,Instance1,946,-45,170,0.03,Instance2,946,-46,170,0.97
Object9620,Instance1,419,-22,140,0.78,Instance2,419,-33,140,0.22
Object9621,Instance1,386,-22,120,0.29,Instance2,386,-40,120,0.71
Object9622,Instance1,993,-36,110,0.89,Instance2,993,-13,110,0.11
Object9623,Instance1,765,-8,180,0.25,Instance2,765,-27,180,0.75
Object9624,Instance1,564,-5,120,0.73,Instance2,564,-39,120,0.27
Object9625,Instance1,902,-7,50,0.41,Instance2,902,-28,50,0.59
Object9626,Instance1,519,-9,150,0.68,Instance2,519,-35,150,0.32
Object9627,Instance1,62,-20,120,0.73,Instance2,62,-14,120,0.27
Object9628,Instance1,86,-14,190,0.05,Instance2,86,-7,190,0.95
Object9629,Instance1,264,-42,160,0.65,Instance2,264,-29,160,0.35
Object9630,Instance1,627,-38,20,0.97,Instance2,627,-32,20,0.03
Object9631,Instance1,419,-6,200,0.76,Instance2,419,-27,200,0.24
Object9632,Instance1,983,-48,70,0.51,Instance2,983,-33,70,0.49
Object9633,Instance1,532,-38,120,0.52,Instance2,532,-10,120,0.48
Object9634,Instance1,404,-49,70,0.99,Instance2,404,-41,70,0.01
Object9635,Instance1,32,-44,150,0.8,Instance2,32,-2,150,0.2
Object9636,Instance1,786,-38,70,0.97,Instance2,786,-39,70,0.03
Object9637,Instance1,335,-49,200,0.78,Instance2,335,-36,200,0.22
Object9638,Instance1,31,-25,30,0.81,Instance2,31,-45,30,0.19
Object9639,Instance1,520,-2,130,0.05,Instance2,520,-47,130,0.95
Object9640,Instance1,954,-42,180,0.36,Instance2,954,-35,180,0.64
Object9641,Instance1,592,-18,80,0.48,Instance2,592,-35,80,0.52
Object9642,Instance1,252,-11,160,0.69,Instance2,252,-49,160,0.31
Object9643,Instance1,197,-30,110,0.08,Instance2,197,-10,110,0.92
Object9644,Instance1,244,-36,200,0.12,Instance2,244,-3,200,0.88
Object9645,Instance1,343,-11,130,0.49,Instance2,343,-50,130,0.51
Object9646,Instance1,752,-21,20,0.69,Instance2,752,-27,20,0.31
Object9647,Instance1,294,-17,50,0.25,Instance2,294,-20,50,0.75
Object9648,Instance1,457,-26,150,0.17,Instance2,457,-9,150,0.83
Object9649,Instance1,156,-31,60,0.46,Instance2,156,-46,60,0.54
Object9650,Instance1,450,-27,150,0.67,Instance2,450,-39,150,0.33
Object9651,Instance1,883,-43,110,0.33,Instance2,883,-44,110,0.67
Object9652,Instance1,565,-39,140,0.89,Instance2,565,-8,140,0.11
Object9653,Instance1,768,-2,130,0.89,Instance2,768,-48,130,0.11
Object9654,Instance1,298,-8,180,0.49,Instance2,298,-9,180,0.51
Object9655,Instance1,317,-28,120,0.44,Instance2,317,-41,120,0.56
Object9656,Instance1,562,-14,10,0.62,Instance2,562,-7,10,0.38
Object9657,Instance1,828,-20,100,0.78,Instance2,828,-38,100,0.22
Object9658,Instance1,70,-36,180,0.84,Instance2,70,-19,180,0.16
Object9659,Instance1,817,-32,10,0.48,Instance2,817,-18,10,0.52
Object9660,Instance1,55,-35,130,0.35,Instance2,55,-42,130,0.65
Object9661,Instance1,846,-38,140,0.8,Instance2,846,-28,140,0.2
Object9662,Instance1,297,-4,50,0.86,Instance2,297,-43,50,0.14
Object9663,Instance1,443,-14,110,0.05,Instance2,443,-24,110,0.95
Object9664,Instance1,550,-28,70,0.76,Instance2,550,-3,70,0.24
Object9665,Instance1,596,-5,120,0.74,Instance2,596,-15,120,0.26
Object9666,Instance1,797,-42,60,0.51,Instance2,797,-38,60,0.49
Object9667,Instance1,895,-36,180,0.46,Instance2,895,-30,180,0.54
Object9668,Instance1,445,-46,90,0.81,Instance2,445,-29,90,0.19
Object9669,Instance1,980,-40,90,0.23,Instance2,980,-3,90,0.77
Object9670,Instance1,78,-37,100,0.08,Instance2,78,-46,100,0.92
Object9671,Instance1,529,-17,40,0.85,Instance2,529,-39,40,0.15
Object9672,Instance1,869,-2,190,0.57,Instance2,869,-13,190,0.43
Object9673,Instance1,888,-21,150,0.26,Instance2,888,-25,150,0.74
Object9674,Instance1,181,-14,30,0.81,Instance2,181,-25,30,0.19
Object9675,Instance1,610,-44,50,0.98,Instance2,610,-37,50,0.02
Object9676,Instance1,192,-41,20,0.21,Instance2,192,-25,20,0.79
Object9677,Instance1,498,-18,130,0.7,Instance2,498,-31,130,0.3
Object9678,Instance1,954,-44,60,0.09,Instance2,954,-25,60,0.91
Object9679,Instance1,206,-16,10,0.23,Instance2,206,-14,10,0.77
Object9680,Instance1,264,-46,130,0.09,Instance2,264,-42,130,0.91
Object9681,Instance1,387,-25,130,0.45,Instance2,387,-40,130,0.55
Object9682,Instance1,45,-38,150,0.5,Instance2,45,-45,150,0.5
Object9683,Instance1,974,-12,100,0.09,Instance2,974,-30,100,0.91
Object9684,Instance1,581,-26,30,0.86,Instance2,581,-4,30,0.14
Object9685,Instance1,55,-21,130,0.74,Instance2,55,-35,130,0.26
Object9686,Instance1,615,-3,140,0.04,Instance2,615,-6,140,0.96
Object9687,Instance1,753,-37,80,0.01,Instance2,753,-26,80,0.99
Object9688,Instance1,137,-6,130,0.99,Instance2,137,-14,130,0.01
Object9689,Instance1,601,-1,10,0.51,Instance2,601,-31,10,0.49
Object9690,Instance1,956,-35,50,0.88,Instance2,956,-23,50,0.12
Object9691,Instance1,627,-44,60,0.35,Instance2,627,-35,60,0.65
Object9692,Instance1,438,-31,50,0.98,Instance2,438,-15,50,0.02
Object9693,Instance1,498,-33,110,0.08,Instance2,498,-12,110,0.92
Object9694,Instance1,465,-3,40,0.84,Instance2,465,-33,40,0.16
Object9695,Instance1,439,-2,140,0.52,Instance2,439,-18,140,0.48
Object9696,Instance1,367,-21,60,0.03,Instance2,367,-26,60,0.97
Object9697,Instance1,128,-8,200,0.78,Instance2,128,-38,200,0.22
Object9698,Instance1,743,-4,120,0.25,Instance2,743,-49,120,0.75
Object9699,Instance1,237,-45,40,0.2,Instance2,237,-15,40,0.8
Object9700,Instance1,288,-4,160,0.54,Instance2,288,-18,160,0.46
Object9701,Instance1,205,-4,30,0.78,Instance2,205,-12,30,0.22
Object9702,Instance1,743,-25,170,0.03,Instance2,743,-15,170,0.97
Object9703,Instance1,115,-33,10,0.85,Instance2,115,-26,10,0.15
Object9704,Instance1,125,-32,180,0.81,Instance2,125,-40,180,0.19
Object9705,Instance1,291,-14,200,0.91,Instance2,291,-48,200,0.09
Object9706,Instance1,374,-45,60,0.96,Instance2,374,-35,60,0.04
Object9707,Instance1,447,-47,190,0.9,Instance2,447,-13,190,0.1
Object9708,Instance1,29,-50,70,0.95,Instance2,29,-36,70,0.05
Object9709,Instance1,421,-27,170,0.55,Instance2,421,-50,170,0.45
Object9710,Instance1,321,-1,150,0.43,Instance2,321,-47,150,0.57
Object9711,Instance1,542,-29,90,0.04,Instance2,542,-41,90,0.96
Object9712,Instance1,751,-7,40,0.6,Instance2,751,-20,40,0.4
Object9713,Instance1,928,-44,110,0.71,Instance2,928,-35,110,0.29
Object9714,Instance1,938,-40,160,0.5,Instance2,938,-35,160,0.5
Object9715,Instance1,293,-27,30,0.46,Instance2,293,-47,30,0.54
Object9716,Instance1,209,-41,190,0.41,Instance2,209,-5,190,0.59
Object9717,Instance1,758,-35,130,0.54,Instance2,758,-13,130,0.46
Object9718,Instance1,521,-17,140,0.6,Instance2,521,-49,140,0.4
Object9719,Instance1,250,-44,10,0.45,Instance2,250,-32,10,0.55
Object9720,Instance1,864,-27,70,0.66,Instance2,864,-17,70,0.34
Object9721,Instance1,246,-32,20,0.28,Instance2,246,-11,20,0.72
Object9722,Instance1,712,-14,140,0.23,Instance2,712,-22,140,0.77
Object9723,Instance1,150,-40,190,0.43,Instance2,150,-17,190,0.57
Object9724,Instance1,776,-39,110,0.38,Instance2,776,-38,110,0.62
Object9725,Instance1,866,-6,100,0.95,Instance2,866,-43,100,0.05
Object9726,Instance1,77,-41,150,0.18,Instance2,77,-24,150,0.82
Object9727,Instance1,983,-41,110,0.84,Instance2,983,-49,110,0.16
Object9728,Instance1,746,-20,20,0.97,Instance2,746,-45,20,0.03
Object9729,Instance1,322,-10,110,0.34,Instance2,322,-50,110,0.66
Object9730,Instance1,852,-19,90,0.23,Instance2,852,-36,90,0.77
Object9731,Instance1,23,-12,70,0.49,Instance2,23,-3,70,0.51
Object9732,Instance1,824,-30,50,0.86,Instance2,824,-25,50,0.14
Object9733,Instance1,28,-6,170,0.45,Instance2,28,-50,170,0.55
Object9734,Instance1,507,-3,180,0.66,Instance2,507,-9,180,0.34
Object9735,Instance1,674,-43,130,0.75,Instance2,674,-31,130,0.25
Object9736,Instance1,307,-16,80,0.27,Instance2,307,-24,80,0.73
Object9737,Instance1,850,-1,110,0.94,Instance2,850,-39,110,0.06
Object9738,Instance1,721,-9,150,0.2,Instance2,721,-43,150,0.8
Object9739,Instance1,766,-18,180,0.79,Instance2,766,-24,180,0.21
Object9740,Instance1,139,-7,110,0.73,Instance2,139,-18,110,0.27
Object9741,Instance1,83,-25,40,0.39,Instance2,83,-8,40,0.61
Object9742,Instance1,462,-12,90,0.09,Instance2,462,-44,90,0.91
Object9743,Instance1,780,-41,110,0.54,Instance2,780,-35,110,0.46
Object9744,Instance1,922,-14,40,0.58,Instance2,922,-22,40,0.42
Object9745,Instance1,847,-43,80,0.71,Instance2,847,-39,80,0.29
Object9746,Instance1,322,-28,110,0.3,Instance2,322,-40,110,0.7
Object9747,Instance1,657,-37,10,0.05,Instance2,657,-7,10,0.95
Object9748,Instance1,332,-3,90,0.33,Instance2,332,-16,90,0.67
Object9749,Instance1,907,-14,60,0.88,Instance2,907,-18,60,0.12
Object9750,Instance1,463,-6,130,0.67,Instance2,463,-41,130,0.33
Object9751,Instance1,244,-50,180,0.21,Instance2,244,-35,180,0.79
Object9752,Instance1,178,-18,140,0.83,Instance2,178,-21,140,0.17
Object9753,Instance1,737,-38,160,0.9,Instance2,737,-27,160,0.1
Object9754,Instance1,732,-32,50,0.82,Instance2,732,-28,50,0.18
Object9755,Instance1,833,-21,120,0.13,Instance2,833,-44,120,0.87
Object9756,Instance1,28,-12,90,0.98,Instance2,28,-18,90,0.02
Object9757,Instance1,239,-36,70,0.78,Instance2,239,-31,70,0.22
Object9758,Instance1,589,-28,20,0.24,Instance2,589,-23,20,0.76
Object9759,Instance1,974,-30,60,0.78,Instance2,974,-29,60,0.22
Object9760,Instance1,4,-2,100,0.44,Instance2,4,-3,100,0.56
Object9761,Instance1,267,-43,40,0.72,Instance2,267,-35,40,0.28
Object9762,Instance1,329,-27,90,0.05,Instance2,329,-36,90,0.95
Object9763,Instance1,602,-20,150,0.55,Instance2,602,-22,150,0.45
Object9764,Instance1,393,-7,40,0.04,Instance2,393,-44,40,0.96
Object9765,Instance1,813,-50,90,0.22,Instance2,813,-21,90,0.78
Object9766,Instance1,566,-31,190,0.69,Instance2,566,-41,190,0.31
Object9767,Instance1,548,-41,90,0.5,Instance2,548,-13,90,0.5
Object9768,Instance1,55,-31,110,0.58,Instance2,55,-42,110,0.42
Object9769,Instance1,70,-33,190,0.61,Instance2,70,-30,190,0.39
Object9770,Instance1,516,-18,80,0.19,Instance2,516,-39,80,0.81
Object9771,Instance1,897,-21,140,0.2,Instance2,897,-38,140,0.8
Object9772,Instance1,961,-15,200,0.31,Instance2,961,-46,200,0.69
Object9773,Instance1,662,-36,40,0.33,Instance2,662,-39,40,0.67
Object9774,Instance1,70,-6,170,0.8,Instance2,70,-48,170,0.2
Object9775,Instance1,457,-15,170,0.84,Instance2,457,-32,170,0.16
Object9776,Instance1,699,-4,10,0.24,Instance2,699,-41,10,0.76
Object9777,Instance1,114,-44,200,0.83,Instance2,114,-21,200,0.17
Object9778,Instance1,984,-4,40,0.52,Instance2,984,-7,40,0.48
Object9779,Instance1,935,-19,120,0.41,Instance2,935,-13,120,0.59
Object9780,Instance1,35,-14,10,0.06,Instance2,35,-9,10,0.94
Object9781,Instance1,842,-40,130,0.15,Instance2,842,-38,130,0.85
Object9782,Instance1,947,-35,100,0.91,Instance2,947,-4,100,0.09
Object9783,Instance1,916,-33,30,0.07,Instance2,916,-7,30,0.93
Object9784,Instance1,533,-49,150,0.58,Instance2,533,-16,150,0.42
Object9785,Instance1,740,-11,170,0.87,Instance2,740,-16,170,0.13
Object9786,Instance1,789,-47,80,0.88,Instance2,789,-20,80,0.12
Object9787,Instance1,1000,-7,80,0.6,Instance2,1000,-39,80,0.4
Object9788,Instance1,889,-39,120,0.11,Instance2,889,-33,120,0.89
Object9789,Instance1,155,-24,110,0.15,Instance2,155,-8,110,0.85
Object9790,Instance1,688,-12,80,0.93,Instance2,688,-45,80,0.07
Object9791,Instance1,738,-49,10,0.9,Instance2,738,-43,10,0.1
Object9792,Instance1,261,-6,60,0.92,Instance2,261,-24,60,0.08
Object9793,Instance1,610,-45,100,0.67,Instance2,610,-5,100,0.33
Object9794,Instance1,135,-41,30,0.61,Instance2,135,-31,30,0.39
Object9795,Instance1,829,-4,190,0.77,Instance2,829,-48,190,0.23
Object9796,Instance1,721,-26,10,0.84,Instance2,721,-17,10,0.16
Object9797,Instance1,422,-7,40,0.54,Instance2,422,-41,40,0.46
Object9798,Instance1,406,-10,170,0.65,Instance2,406,-32,170,0.35
Object9799,Instance1,60,-50,200,0.56,Instance2,60,-9,200,0.44
Object9800,Instance1,721,-15,200,0.61,Instance2,721,-31,200,0.39
Object9801,Instance1,825,-31,10,0.28,Instance2,825,-5,10,0.72
Object9802,Instance1,898,-8,110,0.64,Instance2,898,-6,110,0.36
Object9803,Instance1,842,-36,110,0.64,Instance2,842,-6,110,0.36
Object9804,Instance1,683,-17,50,0.51,Instance2,683,-38,50,0.49
Object9805,Instance1,438,-1,170,0.97,Instance2,438,-31,170,0.03
Object9806,Instance1,295,-49,170,0.79,Instance2,295,-3,170,0.21
Object9807,Instance1,926,-1,30,0.34,Instance2,926,-46,30,0.66
Object9808,Instance1,844,-50,150,0.77,Instance2,844,-5,150,0.23
Object9809,Instance1,155,-26,120,0.77,Instance2,155,-34,120,0.23
Object9810,Instance1,5,-11,150,0.16,Instance2,5,-45,150,0.84
Object9811,Instance1,836,-5,70,0.04,Instance2,836,-48,70,0.96
Object9812,Instance1,908,-28,170,0.87,Instance2,908,-36,170,0.13
Object9813,Instance1,245,-46,100,0.07,Instance2,245,-26,100,0.93
Object9814,Instance1,224,-50,180,0.85,Instance2,224,-42,180,0.15
Object9815,Instance1,944,-35,30,0.89,Instance2,944,-38,30,0.11
Object9816,Instance1,312,-31,50,0.17,Instance2,312,-3,50,0.83
Object9817,Instance1,470,-6,190,0.13,Instance2,470,-25,190,0.87
Object9818,Instance1,333,-7,70,0.75,Instance2,333,-35,70,0.25
Object9819,Instance1,898,-4,150,0.53,Instance2,898,-15,150,0.47
Object9820,Instance1,977,-3,70,0.7,Instance2,977,-18,70,0.3
Object9821,Instance1,717,-39,130,0.2,Instance2,717,-40,130,0.8
Object9822,Instance1,948,-5,40,0.1,Instance2,948,-37,40,0.9
Object9823,Instance1,549,-27,10,0.1,Instance2,549,-49,10,0.9
Object9824,Instance1,384,-4,80,0.98,Instance2,384,-45,80,0.02
Object9825,Instance1,1,-2,80,0.7,Instance2,1,-32,80,0.3
Object9826,Instance1,482,-21,190,0.39,Instance2,482,-11,190,0.61
Object9827,Instance1,802,-33,170,0.31,Instance2,802,-34,170,0.69
Object9828,Instance1,74,-5,110,0.57,Instance2,74,-45,110,0.43
Object9829,Instance1,59,-19,70,0.11,Instance2,59,-38,70,0.89
Object9830,Instance1,640,-13,110,0.66,Instance2,640,-14,110,0.34
Object9831,Instance1,242,-4,80,0.12,Instance2,242,-45,80,0.88
Object9832,Instance1,625,-13,120,0.83,Instance2,625,-41,120,0.17
Object9833,Instance1,606,-23,10,0.32,Instance2,606,-29,10,0.68
Object9834,Instance1,299,-20,60,0.88,Instance2,299,-7,60,0.12
Object9835,Instance1,886,-24,170,0.56,Instance2,886,-25,170,0.44
Object9836,Instance1,629,-48,20,0.85,Instance2,629,-13,20,0.15
Object9837,Instance1,938,-2,30,0.63,Instance2,938,-6,30,0.37
Object9838,Instance1,797,-37,140,0.82,Instance2,797,-50,140,0.18
Object9839,Instance1,977,-48,120,0.73,Instance2,977,-38,120,0.27
Object9840,Instance1,568,-29,150,0.01,Instance2,568,-23,150,0.99
Object9841,Instance1,390,-18,200,0.43,Instance2,390,-12,200,0.57
Object9842,Instance1,861,-27,100,0.49,Instance2,861,-40,100,0.51
Object9843,Instance1,791,-37,110,0.52,Instance2,791,-49,110,0.48
Object9844,Instance1,168,-16,140,0.77,Instance2,168,-46,140,0.23
Object9845,Instance1,238,-27,120,0.23,Instance2,238,-36,120,0.77
Object9846,Instance1,1,-22,200,0.38,Instance2,1,-13,200,0.62
Object9847,Instance1,142,-7,100,0.03,Instance2,142,-1,100,0.97
Object9848,Instance1,360,-49,30,0.01,Instance2,360,-14,30,0.99
Object9849,Instance1,617,-42,30,0.95,Instance2,617,-2,30,0.05
Object9850,Instance1,590,-49,10,0.92,Instance2,590,-30,10,0.08
Object9851,Instance1,445,-16,90,0.42,Instance2,445,-34,90,0.58
Object9852,Instance1,465,-4,60,0.04,Instance2,465,-7,60,0.96
Object9853,Instance1,460,-31,20,0.01,Instance2,460,-2,20,0.99
Object9854,Instance1,269,-30,140,0.95,Instance2,269,-15,140,0.05
Object9855,Instance1,815,-36,150,0.89,Instance2,815,-39,150,0.11
Object9856,Instance1,129,-7,130,0.61,Instance2,129,-24,130,0.39
Object9857,Instance1,662,-27,20,0.74,Instance2,662,-43,20,0.26
Object9858,Instance1,945,-48,180,0.94,Instance2,945,-22,180,0.06
Object9859,Instance1,817,-24,120,0.77,Instance2,817,-30,120,0.23
Object9860,Instance1,871,-42,160,0.15,Instance2,871,-1,160,0.85
Object9861,Instance1,37,-31,120,0.7,Instance2,37,-23,120,0.3
Object9862,Instance1,717,-36,180,0.69,Instance2,717,-14,180,0.31
Object9863,Instance1,318,-29,70,0.25,Instance2,318,-11,70,0.75
Object9864,Instance1,432,-43,190,0.22,Instance2,432,-12,190,0.78
Object9865,Instance1,739,-8,200,0.45,Instance2,739,-27,200,0.55
Object9866,Instance1,724,-33,20,0.12,Instance2,724,-5,20,0.88
Object9867,Instance1,214,-31,10,0.45,Instance2,214,-11,10,0.55
Object9868,Instance1,579,-17,50,0.69,Instance2,579,-36,50,0.31
Object9869,Instance1,229,-18,200,0.05,Instance2,229,-4,200,0.95
Object9870,Instance1,268,-23,170,0.2,Instance2,268,-2,170,0.8
Object9871,Instance1,120,-48,80,0.52,Instance2,120,-3,80,0.48
Object9872,Instance1,522,-1,130,0.04,Instance2,522,-8,130,0.96
Object9873,Instance1,650,-26,60,0.42,Instance2,650,-31,60,0.58
Object9874,Instance1,84,-40,130,0.83,Instance2,84,-30,130,0.17
Object9875,Instance1,759,-44,110,0.29,Instance2,759,-49,110,0.71
Object9876,Instance1,591,-27,160,0.77,Instance2,591,-22,160,0.23
Object9877,Instance1,867,-15,10,0.2,Instance2,867,-4,10,0.8
Object9878,Instance1,719,-16,30,0.88,Instance2,719,-16,30,0.12
Object9879,Instance1,458,-11,10,0.69,Instance2,458,-34,10,0.31
Object9880,Instance1,528,-39,160,0.85,Instance2,528,-21,160,0.15
Object9881,Instance1,442,-42,80,0.17,Instance2,442,-16,80,0.83
Object9882,Instance1,28,-17,150,0.21,Instance2,28,-13,150,0.79
Object9883,Instance1,332,-41,40,0.88,Instance2,332,-4,40,0.12
Object9884,Instance1,850,-7,70,0.47,Instance2,850,-41,70,0.53
Object9885,Instance1,623,-18,170,0.66,Instance2,623,-4,170,0.34
Object9886,Instance1,741,-16,40,0.2,Instance2,741,-3,40,0.8
Object9887,Instance1,480,-22,110,0.57,Instance2,480,-37,110,0.43
Object9888,Instance1,100,-31,20,0.1,Instance2,100,-42,20,0.9
Object9889,Instance1,822,-19,10,0.09,Instance2,822,-14,10,0.91
Object9890,Instance1,322,-2,50,0.49,Instance2,322,-40,50,0.51
Object9891,Instance1,660,-39,130,0.03,Instance2,660,-25,130,0.97
Object9892,Instance1,129,-39,90,0.09,Instance2,129,-35,90,0.91
Object9893,Instance1,292,-34,100,0.58,Instance2,292,-42,100,0.42
Object9894,Instance1,112,-1,120,0.9,Instance2,112,-39,120,0.1
Object9895,Instance1,598,-23,80,0.17,Instance2,598,-14,80,0.83
Object9896,Instance1,278,-38,140,0.95,Instance2,278,-20,140,0.05
Object9897,Instance1,372,-12,80,0.68,Instance2,372,-35,80,0.32
Object9898,Instance1,721,-42,140,0.85,Instance2,721,-35,140,0.15
Object9899,Instance1,619,-36,20,0.03,Instance2,619,-10,20,0.97
Object9900,Instance1,781,-4,150,0.33,Instance2,781,-31,150,0.67
Object9901,Instance1,81,-3,20,0.68,Instance2,81,-27,20,0.32
Object9902,Instance1,371,-35,30,0.34,Instance2,371,-49,30,0.66
Object9903,Instance1,491,-34,130,0.74,Instance2,491,-12,130,0.26
Object9904,Instance1,159,-34,110,0.03,Instance2,159,-43,110,0.97
Object9905,Instance1,461,-18,60,0.35,Instance2,461,-19,60,0.65
Object9906,Instance1,247,-17,70,0.81,Instance2,247,-41,70,0.19
Object9907,Instance1,485,-6,160,0.85,Instance2,485,-41,160,0.15
Object9908,Instance1,801,-31,140,0.02,Instance2,801,-22,140,0.98
Object9909,Instance1,17,-29,110,0.38,Instance2,17,-32,110,0.62
Object9910,Instance1,693,-34,60,0.93,Instance2,693,-5,60,0.07
Object9911,Instance1,800,-9,70,0.47,Instance2,800,-20,70,0.53
Object9912,Instance1,689,-50,30,0.32,Instance2,689,-26,30,0.68
Object9913,Instance1,297,-13,90,0.2,Instance2,297,-45,90,0.8
Object9914,Instance1,599,-18,140,0.8,Instance2,599,-32,140,0.2
Object9915,Instance1,618,-30,150,0.96,Instance2,618,-50,150,0.04
Object9916,Instance1,183,-43,40,0.9,Instance2,183,-41,40,0.1
Object9917,Instance1,518,-49,140,0.41,Instance2,518,-35,140,0.59
Object9918,Instance1,975,-15,190,0.86,Instance2,975,-30,190,0.14
Object9919,Instance1,996,-15,200,0.65,Instance2,996,-27,200,0.35
Object9920,Instance1,324,-48,110,0.44,Instance2,324,-42,110,0.56
Object9921,Instance1,396,-43,20,0.71,Instance2,396,-50,20,0.29
Object9922,Instance1,191,-30,130,0.82,Instance2,191,-45,130,0.18
Object9923,Instance1,205,-1,10,0.32,Instance2,205,-2,10,0.68
Object9924,Instance1,294,-7,70,0.31,Instance2,294,-16,70,0.69
Object9925,Instance1,376,-31,200,0.43,Instance2,376,-31,200,0.57
Object9926,Instance1,470,-24,170,0.05,Instance2,470,-21,170,0.95
Object9927,Instance1,198,-16,20,0.37,Instance2,198,-31,20,0.63
Object9928,Instance1,618,-30,180,0.6,Instance2,618,-2,180,0.4
Object9929,Instance1,859,-38,110,0.49,Instance2,859,-7,110,0.51
Object9930,Instance1,600,-26,50,0.24,Instance2,600,-37,50,0.76
Object9931,Instance1,883,-33,60,0.05,Instance2,883,-32,60,0.95
Object9932,Instance1,200,-19,90,0.57,Instance2,200,-19,90,0.43
Object9933,Instance1,234,-50,30,0.5,Instance2,234,-42,30,0.5
Object9934,Instance1,801,-5,140,0.2,Instance2,801,-38,140,0.8
Object9935,Instance1,964,-18,50,0.29,Instance2,964,-13,50,0.71
Object9936,Instance1,921,-42,60,0.59,Instance2,921,-31,60,0.41
Object9937,Instance1,540,-5,150,0.34,Instance2,540,-17,150,0.66
Object9938,Instance1,467,-41,190,0.95,Instance2,467,-6,190,0.05
Object9939,Instance1,398,-37,50,0.37,Instance2,398,-29,50,0.63
Object9940,Instance1,304,-47,90,0.8,Instance2,304,-38,90,0.2
Object9941,Instance1,158,-8,40,0.49,Instance2,158,-48,40,0.51
Object9942,Instance1,823,-41,20,0.72,Instance2,823,-41,20,0.28
Object9943,Instance1,526,-27,40,0.04,Instance2,526,-6,40,0.96
Object9944,Instance1,978,-28,200,0.54,Instance2,978,-49,200,0.46
Object9945,Instance1,915,-25,160,0.2,Instance2,915,-50,160,0.8
Object9946,Instance1,467,-11,120,0.59,Instance2,467,-9,120,0.41
Object9947,Instance1,874,-47,130,0.54,Instance2,874,-1,130,0.46
Object9948,Instance1,714,-24,180,0.6,Instance2,714,-26,180,0.4
Object9949,Instance1,831,-50,50,0.99,Instance2,831,-29,50,0.01
Object9950,Instance1,23,-15,120,0.43,Instance2,23,-23,120,0.57
Object9951,Instance1,809,-21,120,0.15,Instance2,809,-27,120,0.85
Object9952,Instance1,927,-3,190,0.55,Instance2,927,-30,190,0.45
Object9953,Instance1,522,-43,140,0.1,Instance2,522,-49,140,0.9
Object9954,Instance1,114,-32,20,0.73,Instance2,114,-18,20,0.27
Object9955,Instance1,759,-30,50,0.22,Instance2,759,-28,50,0.78
Object9956,Instance1,557,-13,170,0.3,Instance2,557,-46,170,0.7
Object9957,Instance1,254,-16,80,0.67,Instance2,254,-27,80,0.33
Object9958,Instance1,908,-13,90,0.84,Instance2,908,-8,90,0.16
Object9959,Instance1,156,-12,50,0.39,Instance2,156,-1,50,0.61
Object9960,Instance1,832,-38,190,0.15,Instance2,832,-40,190,0.85
Object9961,Instance1,541,-43,10,0.8,Instance2,541,-24,10,0.2
Object9962,Instance1,452,-30,110,0.82,Instance2,452,-32,110,0.18
Object9963,Instance1,465,-3,170,0.51,Instance2,465,-49,170,0.49
Object9964,Instance1,833,-12,190,0.1,Instance2,833,-30,190,0.9
Object9965,Instance1,561,-15,10,0.06,Instance2,561,-45,10,0.94
Object9966,Instance1,983,-1,50,0.29,Instance2,983,-14,50,0.71
Object9967,Instance1,548,-34,80,0.6,Instance2,548,-44,80,0.4
Object9968,Instance1,992,-49,10,0.6,Instance2,992,-7,10,0.4
Object9969,Instance1,404,-43,70,0.94,Instance2,404,-33,70,0.06
Object9970,Instance1,733,-43,60,0.31,Instance2,733,-8,60,0.69
Object9971,Instance1,721,-13,30,0.26,Instance2,721,-16,30,0.74
Object9972,Instance1,345,-49,30,0.65,Instance2,345,-12,30,0.35
Object9973,Instance1,236,-13,10,0.57,Instance2,236,-39,10,0.43
Object9974,Instance1,551,-33,50,0.23,Instance2,551,-6,50,0.77
Object9975,Instance1,97,-12,130,0.58,Instance2,97,-37,130,0.42
Object9976,Instance1,263,-27,70,0.61,Instance2,263,-23,70,0.39
Object9977,Instance1,659,-33,200,0.91,Instance2,659,-26,200,0.09
Object9978,Instance1,631,-46,30,0.19,Instance2,631,-24,30,0.81
Object9979,Instance1,520,-46,50,0.13,Instance2,520,-27,50,0.87
Object9980,Instance1,628,-18,30,0.51,Instance2,628,-26,30,0.49
Object9981,Instance1,14,-49,10,0.19,Instance2,14,-26,10,0.81
Object9982,Instance1,792,-11,200,0.14,Instance2,792,-7,200,0.86
Object9983,Instance1,901,-12,20,0.09,Instance2,901,-9,20,0.91
Object9984,Instance1,805,-31,130,0.31,Instance2,805,-28,130,0.69
Object9985,Instance1,194,-34,150,0.96,Instance2,194,-33,150,0.04
Object9986,Instance1,273,-18,80,0.37,Instance2,273,-34,80,0.63
Object9987,Instance1,631,-14,80,0.17,Instance2,631,-19,80,0.83
Object9988,Instance1,462,-14,190,0.28,Instance2,462,-27,190,0.72
Object9989,Instance1,377,-35,110,0.87,Instance2,377,-33,110,0.13
Object9990,Instance1,463,-28,70,0.48,Instance2,463,-48,70,0.52
Object9991,Instance1,63,-31,140,0.04,Instance2,63,-31,140,0.96
Object9992,Instance1,415,-27,140,0.19,Instance2,415,-40,140,0.81
Object9993,Instance1,680,-37,70,0.18,Instance2,680,-20,70,0.82
Object9994,Instance1,571,-23,80,0.57,Instance2,571,-12,80,0.43
Object9995,Instance1,410,-25,160,0.32,Instance2,410,-12,160,0.68
Object9996,Instance1,640,-46,10,0.59,Instance2,640,-43,10,0.41
Object9997,Instance1,390,-49,190,0.55,Instance2,390,-44,190,0.45
Object9998,Instance1,301,-14,70,0.15,Instance2,301,-36,70,0.85
Object9999,Instance1,580,-30,80,0.09,Instance2,580,-16,80,0.91
Object10000,Instance1,448,-21,170,0.09,Instance2,448,-33,170,0.91
